51715	606		156.369006	134.648611	-25.245375	156.440271	134.502065	-25.130776	Ribbon Synapse	0.118928
5637	7594	188.413568	154.848689	-24.568366	188.535441	154.779289	-24.480000	Ribbon Synapse	0.140008
5637	5451	198.679595	166.389573	-7.411966	198.618749	166.350383	-7.417339	Cistern Pre (Thick Side)	0.210596
5637	5531	183.410918	152.208959	-24.030000	183.382893	152.217367	-24.030000	Gap Junction	0.059484
5637	5637	204.375615	146.267769	-22.580968	204.356070	146.157730	-22.365314	Postsynapse	0.286467
5637	606		192.872318	170.129233	-24.353146	192.799601	170.051178	-24.295340	Ribbon Synapse	0.100856
5637	606		201.478443	159.757463	-23.746455	201.455236	159.921210	-23.715584	Ribbon Synapse	0.115256
53768	606		186.058070	203.768445	-27.237132	185.941950	203.644601	-27.210653	Ribbon Synapse	0.087789
34315	5528	159.138771	169.720074	-25.116930	159.400832	169.876704	-25.132125	Conventional	0.205838
34315	5601	179.839482	151.262562	-24.092399	179.947802	151.084116	-23.990127	Conventional	0.138646
34315	5601	195.660937	141.571884	-23.670000	195.553272	141.328988	-23.670000	Conventional	0.162569
34315	7594	181.395528	150.721478	-24.480000	181.444151	150.411594	-24.480000	Conventional	0.175732
34315	5468	217.082411	130.328632	-19.752355	217.232459	130.347026	-19.749942	Conventional	0.141336
34315	606		97.784650	212.151158	-26.957548	97.746006	212.118454	-26.968440	Conventional	0.307614
34315	606		85.783489	219.621408	-26.589199	85.761114	219.567566	-26.586926	Conventional	0.182431
34315	606		216.276479	130.414810	-20.477544	216.247343	130.468602	-20.473459	Conventional	0.242130
34315	606		85.334161	219.974620	-26.730000	85.335160	219.909654	-26.730000	Adherens	0.094297
34315	606		140.923915	183.075511	-22.554546	140.870692	182.987443	-22.590000	Conventional	0.193337
34315	606		84.351438	220.777378	-26.717041	84.319595	220.729695	-26.760137	Conventional	0.154556
34315	606		180.211611	150.976231	-24.840356	180.199945	150.922319	-24.841443	Conventional	0.215308
5645	5645	221.255244	60.703963	-21.780000	221.247803	60.737445	-21.780000	Gap Junction	0.105086
5645	606		197.515796	58.979022	-25.738193	197.352349	59.100777	-25.560000	Ribbon Synapse	0.115048
5650	5601	187.409809	110.085050	-24.126589	187.521325	110.121113	-24.160405	Gap Junction	0.150898
5650	6117	162.409149	99.534295	-21.516303	162.319016	99.543619	-21.510493	Gap Junction	0.088430
5650	35240	173.552500	67.687496	-21.744723	173.362954	67.588010	-21.746262	Ribbon Synapse	0.108083
5650	9769	198.340589	94.111374	-22.693603	198.488032	93.965298	-22.691933	Ribbon Synapse	0.106192
5650	9769	144.650280	81.055126	-18.762827	144.711323	80.972859	-18.739283	Ribbon Synapse	0.123123
5650	9769	184.468516	106.863198	-22.445171	184.368597	107.213206	-22.410000	Ribbon Synapse	0.230482
5650	9769	184.001185	104.548624	-22.140000	183.878206	104.647388	-22.140000	Ribbon Synapse	0.104100
5650	9769	149.753509	83.790844	-19.753654	149.668433	84.042245	-19.767423	Ribbon Synapse	0.196224
5650	9769	175.550790	101.274038	-20.564439	175.537152	101.032365	-20.572014	Ribbon Synapse	0.138833
5650	9769	174.399619	85.719010	-21.285522	174.370592	85.933182	-21.297844	Ribbon Synapse	0.140080
5650	9769	184.365172	77.728752	-21.701117	184.165864	77.601868	-21.655279	Ribbon Synapse	0.125071
5650	9769	186.361371	109.740969	-22.950000	186.301278	109.457192	-22.910231	Ribbon Synapse	0.128017
5650	9769	145.033239	82.700412	-18.270000	145.060421	82.806872	-18.333215	Ribbon Synapse	0.126659
5650	9769	177.951451	87.909458	-21.129650	177.975254	87.795870	-21.060000	Ribbon Synapse	0.108612
5650	9769	169.209134	84.614986	-22.050000	169.150537	84.691131	-22.050000	Ribbon Synapse	0.182256
5650	9769	163.213389	92.934839	-19.680663	163.084326	93.056445	-19.745675	Ribbon Synapse	0.120063
5650	9769	182.045302	89.457786	-21.780000	182.146146	89.284334	-21.780000	Ribbon Synapse	0.113592
5650	9769	188.687517	76.598825	-22.561353	188.659785	76.514998	-22.521653	Ribbon Synapse	0.141163
5650	9769	155.710515	85.200106	-20.302260	155.784286	85.405063	-20.250000	Ribbon Synapse	0.155278
5650	9769	141.377387	77.936907	-19.538838	141.236020	77.938836	-19.530000	Ribbon Synapse	0.105093
5650	9769	164.898204	94.140658	-21.017403	165.171955	94.148665	-21.029963	Ribbon Synapse	0.198081
5650	9769	138.152667	76.432364	-19.311961	138.187249	76.113519	-19.301035	Ribbon Synapse	0.138065
5650	7594	153.333855	86.249552	-19.852446	153.338914	86.082654	-19.800000	Ribbon Synapse	0.075836
5650	7594	178.737391	87.363285	-21.507621	178.753693	87.277730	-21.417065	Ribbon Synapse	0.170529
5650	5292	152.083196	84.009395	-19.846673	152.083213	83.977577	-19.854219	Gap Junction	0.064381
5650	5292	164.191400	97.284496	-22.410000	164.170748	97.279677	-22.410000	Gap Junction	0.023298
5650	5292	163.598800	91.866218	-19.710000	163.611367	91.803848	-19.710000	Gap Junction	0.129277
5650	5292	163.957533	91.888254	-19.890000	163.712720	91.864049	-19.832289	Adherens	0.074017
5650	5292	165.890121	88.739191	-22.410000	165.837613	88.653866	-22.410000	Gap Junction	0.085466
5650	30130	153.333855	86.249552	-19.852446	153.205808	86.137515	-19.800000	Ribbon Synapse	0.102229
5650	30130	177.030754	82.814939	-21.960000	176.998303	83.011665	-21.960000	Ribbon Synapse	0.106956
5650	22974	153.432613	87.406443	-21.330000	153.402182	87.536990	-21.330000	Ribbon Synapse	0.066755
5650	606		153.467984	87.867640	-19.170000	153.544464	87.984144	-19.104168	Ribbon Synapse	0.070502
5650	606		154.307286	87.213498	-19.231022	154.429189	87.239475	-19.200607	Ribbon Synapse	0.132906
5650	606		170.389638	84.119636	-21.524970	170.019757	84.235829	-21.420000	Ribbon Synapse	0.094892
5650	606		184.307413	78.703439	-23.121131	184.315195	78.783955	-23.482896	Ribbon Synapse	0.052225
5650	606		188.687517	76.598825	-22.561353	188.633046	76.535071	-22.643355	Ribbon Synapse	0.115907
5650	606		169.209134	84.614986	-22.050000	169.193665	84.569977	-21.963120	Ribbon Synapse	0.103657
5650	606		177.381385	81.321266	-21.960000	177.327586	81.176171	-21.960000	Ribbon Synapse	0.117674
39939	606		97.932013	178.792817	-24.222861	97.903943	178.765225	-24.224762	Conventional	0.137046
39939	606		97.720412	179.125682	-24.390000	97.700407	179.115679	-24.390000	Adherens	0.080544
39957	7594	212.118407	171.180613	-22.177303	211.946671	171.321931	-22.188574	Conventional	0.173410
39957	6117	132.201446	107.704345	-16.627428	132.315670	107.555162	-16.647575	Conventional	0.132332
39957	6117	141.472869	115.402473	-20.635296	141.103051	115.613126	-20.622033	Conventional	0.251784
39957	606		132.291544	108.004840	-17.135713	132.336146	107.971067	-17.135750	Conventional	0.220060
39957	606		231.191276	185.429150	-21.690000	231.343809	185.656961	-21.732483	Conventional	0.269708
39957	606		133.933551	109.788900	-17.880523	133.817047	109.712657	-17.909450	Conventional	0.089918
39957	606		203.019670	161.282477	-22.725041	203.078567	161.164558	-22.785950	Conventional	0.114921
46105	606		103.830018	16.469673	-22.680000	103.785413	16.397684	-22.607422	Ribbon Synapse	0.106218
46105	606		103.626131	16.728065	-22.635275	103.613663	16.699026	-22.636457	Adherens	0.044657
39963	606		139.078887	120.601969	-19.920329	139.126291	120.560285	-19.919899	Conventional	0.212223
39941	606		83.508567	186.256601	-23.042270	83.500418	186.215802	-23.031638	Conventional	0.180116
39968	606		141.412576	125.098857	-21.364091	141.442087	125.102056	-21.371166	Conventional	0.156046
9769	7594	44.781292	82.820485	-16.560000	44.937907	82.979525	-16.560000	Adherens	0.162022
9769	7024	100.052436	55.162368	-19.170000	100.030698	55.135196	-19.170000	Adherens	0.111504
9769	7024	118.499176	55.693732	-19.170000	118.559650	55.621406	-19.170000	Adherens	0.074858
9769	7024	119.076143	55.820866	-19.170000	119.086101	55.750163	-19.170000	Adherens	0.045542
9769	30130	169.290022	81.816017	-21.324981	169.254455	81.607324	-21.317017	Conventional	0.182485
9769	30130	171.783235	80.296823	-20.812704	171.866080	79.810233	-20.788977	Conventional	0.230512
9769	606		52.447299	176.029130	-19.719591	52.466503	176.036329	-19.719164	Gap Junction	0.126957
9769	606		237.835904	175.165394	-22.680940	237.816403	175.184946	-22.680495	Gap Junction	0.135534
9769	606		45.537845	132.862645	-19.710000	45.510842	132.848501	-19.710000	Adherens	0.168499
9769	606		205.692253	71.618713	-21.382028	205.681038	71.603395	-21.379483	Gap Junction	0.090345
9769	606		136.475416	150.755204	-24.480000	136.531015	150.722612	-24.480000	Gap Junction	0.171929
9769	606		210.164948	122.150506	-23.580000	210.140103	122.147651	-23.580000	Gap Junction	0.042914
9769	606		48.248086	158.046293	-19.890000	48.274464	158.034988	-19.890000	Adherens	0.148730
9769	606		54.176062	179.318623	-19.890000	54.219406	179.309219	-19.890000	Adherens	0.117177
9769	606		135.143262	97.786704	-16.920000	135.098849	97.777821	-16.920000	Adherens	0.116832
9769	606	209.490616	121.957737	-22.987002	209.531004	122.037088	-23.023136	Conventional	0.140694
9769	606	133.853656	109.282861	-17.820000	133.828728	109.290448	-17.820000	Conventional	0.055940
9769	606	44.079991	142.577483	-20.834862	44.116385	142.602063	-20.834132	Adherens	0.217439
9769	606	148.669194	144.733467	-21.378917	148.728489	144.708215	-21.374616	Gap Junction	0.157470
9769	606	45.599519	138.235759	-19.260000	45.647135	138.230658	-19.260000	Adherens	0.131735
9769	606	136.962934	116.082917	-20.070000	136.955372	116.088594	-20.070000	Conventional	0.038133
9769	606	135.497005	96.042626	-17.010000	135.444380	96.038808	-17.010000	Adherens	0.106870
9769	606	145.496918	92.770469	-17.370000	145.521200	92.718990	-17.370000	Gap Junction	0.117915
9769	606	126.227326	63.083500	-18.180000	126.208005	63.058809	-18.139809	Conventional	0.100239
9769	606	47.716661	156.828790	-19.890000	47.748610	156.818960	-19.890000	Gap Junction	0.112997
9769	606	50.656342	161.388750	-20.669405	50.671945	161.387109	-20.668737	Gap Junction	0.036464
9769	606	183.923060	193.288453	-26.910000	183.889613	193.282568	-26.910000	Gap Junction	0.104226
9769	606	63.699430	105.420253	-17.915662	63.675661	105.391931	-17.915610	Conventional	0.162299
9769	606	54.109190	179.199656	-19.980000	54.131898	179.193645	-19.980000	Gap Junction	0.068509
9769	606	47.100497	155.614508	-20.003575	47.164774	155.598265	-20.003709	Gap Junction	0.155601
9769	606	57.386108	185.191195	-19.710000	57.408550	185.183714	-19.710000	Gap Junction	0.091424
9769	606	48.465719	158.477745	-19.890000	48.493981	158.457019	-19.890000	Adherens	0.077238
9769	606	135.089485	99.086407	-17.225219	135.080723	99.014665	-17.280000	Conventional	0.077349
9769	606	48.606097	158.651059	-19.890000	48.625881	158.636928	-19.890000	Adherens	0.082267
9769	606	132.452082	105.713103	-15.840000	132.514384	105.658590	-15.840000	Conventional	0.052228
9769	606	124.132386	60.236526	-17.910000	124.147297	60.224331	-17.910000	Gap Junction	0.062929
9769	5528	162.771113	170.448476	-24.390000	162.683268	170.505807	-24.390000	Conventional	0.152099
9769	6203	234.177295	105.098144	-17.820000	234.080379	105.261486	-17.820000	Conventional	0.133019
9769	54078	151.162673	97.673322	-18.765142	151.224210	97.538416	-18.720000	Conventional	0.097352
3116	4569	104.770002	122.886886	-18.090000	104.720704	122.908242	-18.090000	Gap Junction	0.076059
3116	4569	103.377553	122.109896	-19.890000	103.375977	122.160778	-19.890000	Gap Junction	0.112975
3116	4569	108.314875	145.075747	-21.502113	108.329995	145.011252	-21.506140	Gap Junction	0.055407
3116	170	114.699193	136.754302	-19.710000	114.855405	136.874503	-19.710000	Gap Junction	0.130924
3116	170	109.624228	135.339484	-18.720000	109.745454	135.485456	-18.720000	Gap Junction	0.145489
3116	170	106.266682	145.424252	-22.185491	106.342845	145.344804	-22.190287	Gap Junction	0.196291
3116	606	108.393381	145.295960	-22.071029	108.433176	145.226710	-22.097822	Ribbon Synapse	0.084909
14894	606	116.508076	187.950576	-26.236308	116.553983	187.963458	-26.227450	Conventional	0.157417
14894	606	113.317897	174.308340	-25.176632	113.339594	174.297442	-25.182315	Conventional	0.138036
45617	606	115.311427	171.840798	-27.000000	115.321048	171.871639	-27.000000	Conventional	0.094090
34868	7024	102.315078	54.341474	-19.019432	102.186028	54.320331	-19.080000	Conventional	0.204500
34868	7024	106.899626	31.127964	-22.368278	107.010654	31.211741	-22.382094	Conventional	0.213437
34868	7024	104.099980	49.608056	-19.678934	104.129356	49.424029	-19.620000	Conventional	0.150964
34868	7024	104.973994	59.909277	-18.270000	105.219502	60.081554	-18.270000	Conventional	0.133141
34868	4569	98.260817	122.280096	-20.123643	98.576939	122.296132	-20.160000	Conventional	0.192592
34868	330	97.684102	156.185223	-21.562332	97.514307	155.982793	-21.565973	Conventional	0.172498
34868	330	96.519160	169.716468	-23.490000	96.723166	169.790104	-23.490000	Conventional	0.145388
34868	606	98.054657	178.255346	-24.028331	98.021176	178.234921	-24.072486	Conventional	0.122009
34868	606	98.274837	177.474339	-24.171069	98.203186	177.433467	-24.257793	Conventional	0.127260
180	606	134.901311	111.751615	-20.519634	135.003924	111.993664	-20.215283	Ribbon Synapse	0.094618
180	606	135.090105	111.692002	-20.413785	135.003924	111.993664	-20.215283	Ribbon Synapse	0.067438
6203	162	229.390229	98.636505	-18.661420	229.393411	98.464974	-18.630000	Ribbon Synapse	0.145611
6203	606	218.046393	108.503121	-21.267242	218.191070	108.542057	-21.357511	Ribbon Synapse	0.067169
6203	606	221.360748	97.718539	-20.667217	221.236511	97.631182	-20.644180	Ribbon Synapse	0.079280
6204	9769	234.889425	104.721858	-17.730000	234.690375	104.972016	-17.730000	Ribbon Synapse	0.105043
6204	162	235.194762	103.004880	-16.965135	235.061076	103.124253	-16.944920	Ribbon Synapse	0.111803
6204	51923	214.994922	99.857289	-21.205657	215.122140	99.791766	-21.111774	Ribbon Synapse	0.093249
6204	22974	234.966529	88.599264	-22.161904	234.922178	88.737429	-22.227428	Ribbon Synapse	0.115921
6204	606	224.964356	95.001157	-20.044832	224.911090	94.999422	-19.890000	Ribbon Synapse	0.068589
6204	606	231.133278	91.150091	-18.360000	231.114603	91.122078	-18.360000	Adherens	0.064428
6204	606	218.814659	98.838543	-21.325709	218.837301	98.686846	-21.380504	Ribbon Synapse	0.111757
6204	606	215.620469	99.952445	-21.134498	215.619665	100.023565	-21.065179	Ribbon Synapse	0.048105
6204	606	223.741143	95.226652	-20.192546	223.813790	95.308039	-20.160000	Ribbon Synapse	0.049845
6204	606	230.315581	91.870366	-18.278732	230.295348	91.744957	-18.124450	Ribbon Synapse	0.150199
6204	606	227.383778	90.308985	-19.485349	234.434296	89.170630	-19.382763	Ribbon Synapse	0.070309
6204	606	236.261328	89.078122	-19.288422	236.351106	88.996890	-19.190630	Ribbon Synapse	0.096043
25155	5537	178.038984	185.953374	-25.110000	178.023991	186.021298	-25.110000	Adherens	0.279040
25155	5537	183.148872	190.584662	-26.280000	183.079589	190.581947	-26.233553	Gap Junction	0.173677
25155	5537	183.895522	188.160979	-25.650000	183.818592	188.157361	-25.650000	Gap Junction	0.136227
25155	25155	191.182807	199.055218	-25.149861	191.188949	199.158693	-25.113882	Gap Junction	0.197230
25155	9769	179.108511	184.649651	-24.750000	179.202018	184.400049	-24.750000	Ribbon Synapse	0.117429
25155	7594	182.428743	190.111167	-26.730000	182.586169	189.911707	-26.730000	Ribbon Synapse	0.171200
25155	7594	186.176114	202.527626	-25.020000	186.348404	202.496867	-25.020000	Ribbon Synapse	0.110376
25155	5451	185.337671	183.809648	-23.310000	185.360211	183.804446	-23.310000	BC Conventional	0.114092
25155	606	175.162726	199.562448	-27.396435	175.217923	199.406597	-27.360000	Ribbon Synapse	0.193663
25155	606	182.756615	198.788451	-25.605290	182.779991	198.671782	-25.380000	Ribbon Synapse	0.097436
25155	606	184.990540	184.106489	-24.480000	185.088245	184.175028	-24.480000	Ribbon Synapse	0.135684
25155	606	182.448972	206.409871	-25.013930	182.743715	206.416533	-25.157518	Ribbon Synapse	0.182179
25155	606	183.243486	206.439320	-24.838604	183.274905	206.471721	-25.020000	Ribbon Synapse	0.105719
25155	606	183.925503	191.742264	-26.798656	183.979402	191.827135	-26.790053	Ribbon Synapse	0.102353
25155	606	182.355151	195.943957	-25.786218	182.472517	195.946983	-25.695997	Ribbon Synapse	0.167464
53828	44256	204.687803	198.169207	-25.290000	204.684157	198.150242	-25.290000	Gap Junction	0.067421
53828	53778	205.700548	213.739256	-25.125763	205.638542	213.754442	-25.125539	Gap Junction	0.175863
53828	606	204.761310	197.727959	-24.750000	204.804906	197.609379	-24.798807	Ribbon Synapse	0.104142
40033	606	133.181848	108.609002	-17.898408	133.170099	108.655274	-17.892894	Conventional	0.106319
51793	606	244.331275	132.999358	-19.319417	244.307699	133.750275	-19.252855	Ribbon Synapse	0.113094
595	5481	126.011609	154.172741	-23.220000	126.045132	154.047573	-23.220000	Ribbon Synapse	0.164099
595	170	119.887847	147.114133	-22.651058	119.851864	147.067084	-22.653050	Gap Junction	0.074099
595	170	130.135004	139.390897	-22.184123	130.145753	139.425028	-22.169210	Gap Junction	0.043575
595	5451	159.002590	156.449883	-23.124011	158.938064	156.552631	-23.130000	Ribbon Synapse	0.056212
595	5451	159.029132	155.631307	-22.360535	158.915158	155.590716	-22.350419	Ribbon Synapse	0.107840
595	5451	159.611963	156.330917	-22.900004	159.493444	156.402272	-22.971142	Ribbon Synapse	0.089262
595	176	161.450621	153.580939	-24.424772	161.498639	153.559960	-24.420707	Gap Junction	0.085261
595	595	134.698031	137.111759	-24.261944	134.613341	137.218244	-24.210000	Ribbon Synapse	0.136222
595	7576	142.574773	152.823136	-24.480000	142.594002	152.806865	-24.480000	Gap Junction	0.040401
595	5530	134.260772	137.561123	-23.580000	134.297659	137.621815	-23.580000	Gap Junction	0.077490
595	5530	146.762948	142.636008	-20.700000	146.844569	142.624232	-20.700000	Gap Junction	0.056008
595	606	133.390263	137.993848	-22.457666	133.377577	138.121385	-22.478853	Ribbon Synapse	0.094181
595	606	128.720376	149.083485	-22.260807	128.713518	149.238400	-22.230000	Ribbon Synapse	0.087805
595	606	136.316107	150.249123	-24.426499	136.378891	150.412835	-24.390000	Ribbon Synapse	0.102140
595	606	135.970685	150.053555	-23.130000	135.989219	150.144319	-23.158616	Ribbon Synapse	0.065387
598	606	169.502687	84.941087	-21.555233	169.496003	84.925280	-21.555700	Gap Junction	0.090293
59482	606	150.499779	90.248975	-18.810000	150.594662	90.237108	-18.810000	Gap Junction	0.066736
606	39900	183.428855	151.506880	-25.380000	183.461666	151.490474	-25.380000	Adherens	0.057397
606	5513	75.058993	76.530930	-17.333938	75.023907	76.477609	-17.464279	Postsynapse	0.195490
606	5650	159.464555	85.648099	-20.070000	159.400435	85.674233	-19.993267	Postsynapse	0.190138
606	5650	176.890086	81.668006	-22.008305	176.914049	81.706003	-22.016872	Adherens	0.080603
606	12564	80.665032	137.054235	-20.988567	80.651058	137.075878	-20.988320	Gap Junction	0.081866
606	7576	134.346229	150.627104	-23.310000	134.349609	150.637075	-23.310000	Adherens	0.041962
606	5530	167.731762	154.139458	-23.490000	167.705697	154.123168	-23.490000	Adherens	0.069114
606	5530	164.686786	155.911910	-24.261671	164.649324	155.888483	-24.260423	Adherens	0.082837
606	39965	140.258304	121.688870	-20.705420	140.279701	121.652650	-20.705900	Gap Junction	0.133079
606	162	223.954231	95.063328	-19.620000	223.924773	95.056033	-19.620000	Adherens	0.051403
606	45220	167.878118	153.483492	-23.239389	167.848342	153.472042	-23.240725	Gap Junction	0.081062
606	45220	165.044890	156.004342	-23.596580	165.004847	155.962507	-23.598936	Gap Junction	0.122738
606	45220	166.950372	145.719026	-22.725462	166.924634	145.729684	-22.727488	Gap Junction	0.080376
606	5541	145.581597	183.836235	-25.799904	145.581865	183.801172	-25.802179	Adherens	0.099332
606	5541	145.862533	183.820260	-25.740000	145.855140	183.794385	-25.740000	Adherens	0.079023
606	9769	188.574598	76.260824	-22.590000	188.510437	76.304660	-22.590000	Gap Junction	0.099684
606	9769	127.369682	64.200684	-18.270000	127.386306	64.179660	-18.270000	Gap Junction	0.060549
606	9769	159.917342	85.824553	-20.610000	159.899433	85.790843	-20.610000	Gap Junction	0.103521
606	9769	180.356125	79.503420	-21.434064	180.355931	79.482602	-21.437612	Gap Junction	0.042246
606	9769	52.735943	174.217308	-20.430000	52.715887	174.207280	-20.430000	Adherens	0.054118
606	9769	150.257843	160.824425	-25.956834	150.243954	160.842135	-25.956609	Gap Junction	0.097154
606	9769	52.357766	169.725178	-21.379170	52.327042	169.730607	-21.374952	Gap Junction	0.116247
606	9769	144.191744	128.635230	-21.309313	144.212577	128.625859	-21.311951	Gap Junction	0.035629
606	9769	52.771278	175.402449	-20.070000	52.751138	175.402703	-20.070000	Gap Junction	0.057685
606	9769	45.574234	132.751903	-19.890000	45.592229	132.764103	-19.890000	Gap Junction	0.088967
606	9769	125.386386	62.016347	-17.820000	125.333596	62.014052	-17.820000	Gap Junction	0.130460
606	9769	189.266953	76.037549	-22.590000	189.216758	76.053683	-22.590000	Gap Junction	0.170993
606	9769	204.667921	137.913891	-22.656531	204.686930	137.894945	-22.655710	Gap Junction	0.076169
606	9769	136.706701	115.909963	-19.800000	136.721666	115.903550	-19.800000	Adherens	0.044873
606	9769	44.203931	142.613850	-20.602708	44.169430	142.602100	-20.603632	Gap Junction	0.088359
606	9769	233.020128	132.649447	-19.710000	233.029207	132.634316	-19.710000	Adherens	0.071229
606	9769	232.424082	131.272666	-19.471865	232.357632	131.205391	-19.472966	Gap Junction	0.195785
606	9769	144.077782	128.482270	-21.330000	144.097061	128.472383	-21.330000	Adherens	0.050526
606	9769	136.329767	93.598186	-17.010000	136.337844	93.563829	-17.010000	Gap Junction	0.072124
606	9769	154.496843	164.922492	-26.190000	154.441371	164.891776	-26.190000	Gap Junction	0.118991
606	9769	44.746797	152.287600	-20.565616	44.762810	152.270955	-20.566987	Adherens	0.079955
606	9769	162.573877	85.427062	-20.520000	162.556821	85.400259	-20.520000	Adherens	0.058682
606	7594	185.769914	215.887887	-26.640000	185.744130	215.862102	-26.640000	Adherens	0.086484
606	7594	223.170494	55.391413	-21.960000	223.195564	55.458601	-21.960000	Cistern Pre (Thick Side)	0.132570
606	7594	165.537743	142.699627	-21.690000	165.564139	142.669931	-21.690000	Adherens	0.056188
606	7594	183.688656	131.979679	-23.310000	183.698468	132.018931	-23.310000	Adherens	0.187845
606	7594	70.536589	79.957990	-18.360000	70.529387	79.934676	-18.360000	Adherens	0.088536
606	5292	152.080906	89.693520	-19.080000	152.098389	89.726543	-19.080000	Adherens	0.077727
606	307	60.110697	113.075198	-18.900000	60.084385	113.069726	-18.900000	Adherens	0.086953
606	55098	154.784590	87.272607	-19.650755	154.785044	87.255425	-19.651236	Gap Junction	0.087521
606	428	74.548271	157.736132	-22.950000	74.540162	157.717597	-22.950000	Adherens	0.035930
606	44222	142.582535	171.454352	-23.490000	142.586744	171.473289	-23.490000	Gap Junction	0.051367
606	10559	224.537693	169.777476	-21.556306	224.518903	169.809542	-21.544898	Gap Junction	0.074373
606	10559	182.770085	195.306634	-25.879455	182.759805	195.300920	-25.874346	Gap Junction	0.054791
606	55232	207.300521	40.452419	-25.962410	207.288330	40.437758	-25.963987	Gap Junction	0.078046
606	55232	212.822329	38.207184	-24.930000	212.816605	38.183144	-24.930000	Gap Junction	0.113051
606	55232	207.138198	40.557693	-25.740000	207.116299	40.537785	-25.740000	Adherens	0.094376
606	55232	210.007873	39.223988	-25.650000	209.967077	39.217819	-25.650000	Adherens	0.085237
606	5442	219.777243	130.019347	-21.183421	219.779151	129.998670	-21.180935	Gap Junction	0.046290
606	5442	217.468334	131.829686	-23.917211	217.482363	131.816575	-23.915978	Gap Junction	0.056249
606	5442	216.853540	131.493132	-23.990473	216.848410	131.501786	-24.030000	Gap Junction	0.068874
606	5729	208.605675	40.181876	-25.991452	208.602415	40.160196	-25.992057	Adherens	0.083957
606	330	51.036790	161.380747	-21.126459	51.030088	161.361120	-21.130449	Adherens	0.093151
606	5451	161.645150	158.873247	-25.195185	161.623636	158.852273	-25.194668	Gap Junction	0.114750
606	5451	185.837710	189.699348	-25.020000	185.885132	189.707252	-25.020000	Gap Junction	0.138765
606	51923	215.217332	100.453414	-20.887631	215.201252	100.414431	-20.880132	Adherens	0.082082
606	51923	215.355509	100.230969	-21.002089	215.341333	100.220892	-21.001952	Gap Junction	0.051706
606	51923	215.981156	100.233369	-20.430000	215.973005	100.194976	-20.430000	Gap Junction	0.089683
606	47445	218.027815	55.709336	-21.960000	218.018168	55.673673	-21.960000	Adherens	0.078000
606	55403	75.105820	134.382530	-21.122928	75.086398	134.342974	-21.136169	Adherens	0.088380
606	55403	75.287356	134.254699	-20.610000	75.288259	134.235389	-20.610000	Gap Junction	0.031254
606	55403	75.206466	134.226789	-20.430000	75.206522	134.210680	-20.430000	Adherens	0.087833
606	5468	218.152106	130.698233	-20.880000	218.161564	130.657246	-20.880000	Adherens	0.063840
606	55517	31.206807	178.543586	-21.111447	31.179616	178.582709	-21.150000	Cistern Pre (Thick Side)	0.082574
606	55517	83.059082	132.094075	-20.790000	83.066807	132.073540	-20.790000	Gap Junction	0.066107
606	5601	179.508936	150.138245	-24.660000	179.449618	150.144960	-24.520575	Postsynapse	0.117678
606	6117	138.531829	118.832843	-20.250000	138.551621	118.821533	-20.250000	Adherens	0.067444
606	38632	70.912958	158.770936	-21.813270	70.920612	158.744567	-21.812319	Gap Junction	0.082808
606	5481	165.473852	143.031759	-21.960000	165.492260	143.003412	-21.960000	Gap Junction	0.074593
606	5481	167.360502	144.965064	-22.305375	167.368113	144.951335	-22.305691	Gap Junction	0.050271
606	5481	111.165740	145.968191	-21.240000	111.161412	145.931401	-21.240000	Adherens	0.067748
606	5481	167.513211	145.096573	-22.256773	167.526203	145.081029	-22.255887	Gap Junction	0.046222
606	5481	111.104005	146.029673	-21.330000	111.102935	146.009880	-21.330000	Gap Junction	0.045041
606	39915	124.395324	43.292034	-18.727756	124.440536	43.288230	-18.700933	Postsynapse	0.204764
606	46589	93.481704	28.856329	-23.630130	93.449817	28.833509	-23.632603	Gap Junction	0.136958
606	7024	134.298356	64.679820	-21.690000	134.290114	64.646853	-21.690000	Adherens	0.111920
606	44329	182.647294	199.972611	-24.283893	182.616108	199.953995	-24.286529	Adherens	0.160358
606	12408	48.320072	175.950858	-20.700000	48.330092	175.923301	-20.700000	Adherens	0.087248
606	53115	74.904311	157.255942	-22.590000	74.878299	157.228846	-22.590000	Gap Junction	0.153714
606	53115	70.576614	158.755930	-21.913122	70.555248	158.721109	-21.870000	Gap Junction	0.113610
606	170	86.895673	145.154867	-22.500000	86.863853	145.126719	-22.500000	Adherens	0.099702
606	170	130.220499	139.932281	-21.960000	130.193101	139.903853	-21.960000	Adherens	0.065676
606	34302	92.505138	180.628055	-23.310000	92.492024	180.614941	-23.310000	Adherens	0.061819
5729	35240	186.989185	20.953001	-25.020000	187.223746	21.108324	-25.020000	Ribbon Synapse	0.161807
5729	55232	219.302689	42.901074	-23.130000	217.838964	42.455554	-23.079525	Ribbon Synapse	0.117950
5729	55232	204.096848	41.922859	-25.594930	204.156659	41.812844	-25.683625	Ribbon Synapse	0.090094
5729	55232	210.678766	38.828307	-25.400213	210.175789	39.480867	-25.594620	Ribbon Synapse	0.067928
5729	55232	215.248464	40.268963	-23.752182	215.391446	40.177708	-23.889927	Ribbon Synapse	0.067411
5729	55232	207.889967	40.137280	-26.018371	206.790736	40.133065	-26.190000	Ribbon Synapse	0.077936
5729	606	186.268856	46.662136	-26.190000	186.176960	46.556455	-26.190000	Ribbon Synapse	0.143123
5729	606	210.678766	38.828307	-25.400213	210.721072	38.917219	-25.457082	Ribbon Synapse	0.110667
5729	606	187.208616	46.346596	-26.241623	187.202766	46.309856	-26.241486	BC Conventional	0.071052
5729	606	207.889967	40.137280	-26.018371	206.835521	40.232207	-26.235658	Ribbon Synapse	0.077568
5729	606	169.316524	51.867005	-23.882771	169.242972	51.823468	-23.986248	Ribbon Synapse	0.125501
5729	606	209.709427	39.581217	-25.290000	209.750255	39.643992	-25.329921	Ribbon Synapse	0.116784
5729	606	204.096848	41.922859	-25.594930	203.994588	41.841487	-25.740000	Ribbon Synapse	0.066165
5729	606	173.919627	47.523585	-24.345877	173.979374	47.558538	-24.396419	Ribbon Synapse	0.091929
5729	606	173.711362	48.049598	-23.865152	173.820844	48.109906	-23.873608	Ribbon Synapse	0.116010
5729	606	187.553521	46.282928	-25.807114	187.584349	46.242029	-25.869290	Ribbon Synapse	0.091366
5729	606	172.932580	48.660068	-23.940000	172.976230	48.809399	-23.940000	Ribbon Synapse	0.242198
40035	606	135.372279	113.092791	-19.170000	135.361212	113.110498	-19.170000	Conventional	0.081599
40037	606	137.400707	117.951102	-20.070000	137.424612	117.931963	-20.070000	Conventional	0.132551
40037	606	137.596642	118.453353	-20.070000	137.614167	118.450232	-20.070000	Conventional	0.049847
40039	606	146.538527	135.853823	-22.430230	146.538943	135.824517	-22.432979	Conventional	0.158100
40041	606	147.217334	135.697777	-22.531491	147.208743	135.675753	-22.530164	Conventional	0.157375
55403	372	83.072608	127.371915	-20.970000	83.063875	127.341947	-20.919536	Conventional	0.103115
55403	330	40.529185	174.686200	-21.639242	40.544916	174.685221	-21.602511	Conventional	0.166097
55403	324	67.286208	143.033136	-21.284942	67.297814	143.024036	-21.276990	Conventional	0.114928
55403	324	89.480201	120.823150	-18.887874	89.537863	120.838993	-18.900000	Conventional	0.124041
55403	324	72.480223	135.467188	-20.592827	72.483297	135.429299	-20.592503	Conventional	0.139002
55403	324	65.098783	146.677052	-21.310991	65.052069	146.641422	-21.311028	Conventional	0.155670
55403	606	74.218106	134.530126	-20.880000	74.223269	134.562962	-20.880000	Conventional	0.098996
55403	606	83.565972	127.582914	-21.372665	83.593061	127.603127	-21.353664	Conventional	0.158321
55403	606	74.899840	134.236621	-20.590417	74.892398	134.280747	-20.597150	Conventional	0.182800
40044	606	134.395852	139.898661	-21.862084	134.384076	139.865368	-21.867119	Conventional	0.171984
53778	606	191.392755	215.465942	-26.481713	191.482929	215.292184	-26.668142	Ribbon Synapse	0.104621
42094	606	53.897645	143.604331	-28.602734	53.878344	143.574699	-28.674774	Conventional	0.147083
53872	606	232.159556	186.351046	-23.044221	232.919575	186.184876	-23.064543	Ribbon Synapse	0.089639
40051	606	32.440194	150.451303	-25.333707	32.445220	150.490036	-25.335995	Conventional	0.178049
40051	606	42.799799	140.972630	-25.166369	32.909117	150.433963	-25.326254	Conventional	0.068868
40053	606	28.167161	152.386217	-24.504605	28.154475	152.355060	-24.502712	Conventional	0.207806
15977	606	210.529979	119.584752	-23.490000	210.376546	119.584753	-23.490000	Ribbon Synapse	0.208375
12408	606	48.839257	176.029949	-20.880000	48.802428	176.051538	-20.880000	Adherens	0.058031
40057	606	26.680032	152.917827	-23.576171	26.663651	152.871568	-23.583871	Conventional	0.113537
40057	606	26.706153	153.089798	-23.850000	26.695910	153.076783	-23.850000	Adherens	0.072054
40059	606	22.990453	153.541947	-23.535272	22.969148	153.468685	-23.616806	Conventional	0.154420
59499	606	83.765976	130.023347	-20.565742	83.802471	130.026655	-20.535456	Gap Junction	0.088547
54423	606	188.202401	209.271980	-25.110000	188.365959	209.348192	-25.232929	Ribbon Synapse	0.114916
52382	9769	45.681178	132.329666	-19.717569	45.674954	132.531659	-19.794617	Ribbon Synapse	0.078028
52382	606	44.511535	133.471759	-19.170000	44.422811	133.377121	-19.170000	Ribbon Synapse	0.080777
52382	606	45.681178	132.329666	-19.717569	45.572403	132.382294	-19.881048	Ribbon Synapse	0.080855
5281	15977	199.889502	146.925238	-12.706140	199.791223	146.661918	-12.752851	Conventional	0.176232
5281	6117	126.578909	101.058638	-16.920000	126.550677	101.306445	-16.920000	Conventional	0.131783
5281	606	131.909995	103.267736	-17.373679	131.958737	103.267799	-17.375448	Conventional	0.153873
45731	606	31.128436	71.384977	-15.807802	31.103489	71.375831	-15.709300	Ribbon Synapse	0.113516
45220	9769	171.745164	178.388145	-25.020000	171.378549	178.456584	-25.020000	Gap Junction	0.226492
45220	606	161.925219	160.542061	-25.050643	161.915058	160.527127	-25.051087	Gap Junction	0.058320
45220	606	166.924634	145.729684	-22.727488	166.950372	145.719026	-22.725462	Gap Junction	0.080376
168	168	118.520321	145.678264	-20.813325	118.416483	145.420343	-20.966805	Ribbon Synapse	0.279454
168	7576	138.791290	155.817459	-22.230000	138.880699	155.694546	-22.192547	Ribbon Synapse	0.093259
168	7576	141.799643	146.669772	-24.390000	141.843349	146.694728	-24.329774	Ribbon Synapse	0.076886
168	7576	132.928757	151.871978	-22.993780	133.031582	151.797339	-22.965719	Ribbon Synapse	0.100903
168	7576	138.596830	155.472248	-22.500000	138.612123	155.435108	-22.500000	Adherens	0.064846
168	7576	139.866901	146.686069	-22.507815	139.981500	146.657028	-22.467033	Ribbon Synapse	0.071347
168	7576	133.161067	152.083684	-23.040000	133.177956	152.075871	-23.040000	Adherens	0.072709
168	595	123.771799	154.657932	-22.904175	123.885103	154.694648	-22.890708	Gap Junction	0.140823
168	3116	117.308468	135.726680	-19.207051	117.163705	135.796662	-19.206258	Gap Junction	0.151888
168	606	131.805221	150.113748	-22.649917	131.866697	150.142241	-22.590000	Ribbon Synapse	0.075732
168	606	115.464394	146.681257	-20.509112	115.478860	146.849495	-20.629827	Ribbon Synapse	0.090291
168	606	141.718961	147.616485	-24.349813	141.725301	147.759084	-24.260955	Ribbon Synapse	0.138733
168	606	121.943362	148.393101	-21.944525	121.811287	148.442765	-22.015071	Ribbon Synapse	0.179258
168	606	113.176400	146.702312	-20.630952	113.227765	146.738930	-20.817892	Ribbon Synapse	0.102858
170	9769	118.869428	136.620103	-20.648039	118.987655	136.487773	-20.650250	Ribbon Synapse	0.187786
170	9769	125.555055	140.356316	-22.130200	125.402742	140.415517	-22.230000	Ribbon Synapse	0.105718
170	9769	125.831339	140.212702	-22.375786	125.613820	140.077278	-22.410000	Ribbon Synapse	0.166222
170	9769	125.759672	140.846459	-22.322973	125.581548	140.795210	-22.459208	Ribbon Synapse	0.074940
170	5530	134.388925	137.418739	-23.134779	134.431935	137.396179	-23.121264	Gap Junction	0.119531
170	324	88.475474	128.229671	-19.260000	88.414449	128.139928	-19.260000	Gap Junction	0.092291
170	606	102.561576	142.638214	-22.320000	102.312943	142.485506	-22.357815	Ribbon Synapse	0.191762
170	606	106.605590	144.504402	-22.230000	106.616726	144.473468	-22.230000	Adherens	0.086101
170	606	87.168803	145.589698	-21.780000	87.348986	145.509729	-21.780000	Ribbon Synapse	0.049782
170	606	102.996177	142.431334	-22.242317	102.953940	142.492442	-22.404002	Ribbon Synapse	0.050486
170	606	101.986662	142.683013	-22.410000	102.312943	142.485506	-22.357815	Ribbon Synapse	0.149846
170	606	129.641061	140.174052	-22.098779	129.654631	140.266052	-22.212564	Ribbon Synapse	0.138437
170	606	97.386565	141.978319	-22.676447	97.422126	141.926407	-22.905541	Ribbon Synapse	0.114989
170	606	94.063704	141.658714	-22.106413	94.040925	141.643769	-22.140000	BC Conventional	0.075479
170	4569	109.946637	136.017056	-18.655946	109.929342	136.081196	-18.666372	Gap Junction	0.106903
5292	6117	151.045694	90.184540	-18.720000	151.014388	90.151744	-18.720000	Gap Junction	0.099620
5292	6117	150.024355	91.143528	-18.810000	149.971867	91.107641	-18.810000	Gap Junction	0.089461
5292	6117	149.412348	97.886645	-19.620000	149.427263	97.768935	-19.620000	Gap Junction	0.090901
5292	9769	163.548389	107.702449	-22.680000	163.406294	107.828574	-22.680000	Ribbon Synapse	0.205644
5292	9769	162.492217	105.878300	-22.451692	162.342624	105.886273	-22.410000	Ribbon Synapse	0.063659
5292	5292	155.772829	108.231080	-20.610000	155.749314	108.163027	-20.610000	Adherens	0.099602
5292	5292	146.321478	92.182217	-18.762355	146.415638	92.198935	-18.763763	Gap Junction	0.063176
5292	5292	146.417888	88.463625	-16.380000	146.531714	88.348491	-16.980552	Ribbon Synapse	0.097585
5292	5650	152.793016	86.767964	-19.800000	152.863908	86.771003	-19.800000	Gap Junction	0.077315
5292	59482	148.364701	91.733047	-18.758525	148.380971	91.623712	-18.810000	Ribbon Synapse	0.063511
5292	59482	150.657445	90.588959	-18.900000	150.489912	90.524902	-18.900000	Ribbon Synapse	0.067652
5292	59482	149.077084	91.566403	-18.720000	148.972261	91.448783	-18.720000	Ribbon Synapse	0.072460
5292	606	146.755709	92.012827	-18.436158	146.718987	91.971499	-18.360000	Ribbon Synapse	0.072653
5292	606	150.657445	90.588959	-18.900000	150.600779	90.414034	-18.900000	Ribbon Synapse	0.056880
5292	606	147.635887	92.110745	-18.052982	147.444153	92.041303	-18.008806	Ribbon Synapse	0.110141
5292	606	149.077084	91.566403	-18.720000	148.977936	91.500055	-18.647841	Ribbon Synapse	0.095157
5292	598	164.632404	86.438879	-21.150000	164.654242	86.313381	-21.150000	Ribbon Synapse	0.108576
5292	55098	152.516415	84.311197	-18.167928	152.419316	84.317416	-17.958159	Ribbon Synapse	0.099710
5292	55517	148.451149	80.405988	-19.574232	148.268968	80.292350	-19.675884	Ribbon Synapse	0.069010
5292	54078	148.080691	92.580284	-17.217949	147.935020	92.705230	-17.246918	Ribbon Synapse	0.061153
44205	606	104.214192	147.503391	-24.234205	104.239014	147.526881	-24.239388	Conventional	0.200975
42159	606	34.717955	149.718776	-25.666561	34.728074	149.753672	-25.663548	Conventional	0.106055
176	7576	147.076460	142.060227	-23.040000	147.069169	142.031066	-23.040000	BC Conventional	0.138625
176	44970	142.408562	138.617986	-24.660000	142.422370	138.520885	-24.660000	Ribbon Synapse	0.072985
176	44970	151.794759	131.050470	-24.012821	151.735380	130.927449	-24.030000	Ribbon Synapse	0.112581
176	5531	175.401140	145.141445	-23.979308	175.552642	145.244702	-23.990000	Gap Junction	0.106917
176	5531	156.871693	139.761273	-21.510000	156.898881	139.728512	-21.551411	Gap Junction	0.091114
176	6117	157.806189	125.890506	-21.722256	157.869888	126.102877	-21.734568	Gap Junction	0.088843
176	606	157.065531	149.488793	-24.323277	156.956688	149.570848	-24.197263	Ribbon Synapse	0.108152
177	7576	143.840322	144.955612	-27.305350	143.772970	144.945667	-27.270000	Ribbon Synapse	0.101609
177	7576	143.688945	145.533477	-26.934533	143.459487	145.429635	-26.820000	Ribbon Synapse	0.124783
177	7576	147.321297	141.352064	-25.377513	147.292835	141.213673	-25.290000	Ribbon Synapse	0.040339
177	7576	145.938753	142.738512	-26.200719	145.834965	142.842280	-26.039550	Ribbon Synapse	0.076245
177	606	167.668819	133.617112	-23.514741	167.688545	133.490138	-23.544260	Ribbon Synapse	0.097376
177	606	167.451460	133.605774	-23.514982	167.688545	133.490138	-23.544260	Ribbon Synapse	0.110831
177	606	167.524782	133.561689	-23.637227	167.688545	133.490138	-23.544260	Ribbon Synapse	0.138917
44212	606	60.488058	110.934743	-18.810512	60.522327	110.932953	-18.811675	Conventional	0.157170
44222	44229	143.819095	171.792315	-23.204136	143.641012	171.884725	-23.230878	Conventional	0.183868
44222	606	149.199861	169.114498	-24.951759	149.188100	169.098729	-24.952776	Gap Junction	0.035757
44222	606	144.050606	170.800077	-23.551978	144.047166	170.757098	-23.551481	Adherens	0.113672
44222	606	136.868335	172.416471	-23.601406	136.882571	172.451821	-23.600446	Gap Junction	0.118073
44222	606	149.229995	168.865645	-25.110000	149.218834	168.835885	-25.110000	Adherens	0.176458
7576	7576	146.209145	155.801358	-24.120000	146.237955	155.814323	-24.120000	Adherens	0.032849
7576	7576	142.534641	145.139856	-23.490000	142.513313	145.147612	-23.490000	Adherens	0.032961
7576	7576	131.662075	157.802971	-23.490000	131.631795	157.809636	-23.490000	Adherens	0.049073
7576	168	136.097168	154.613999	-24.660000	136.088196	154.578111	-24.660000	Gap Junction	0.127928
7576	168	141.259125	147.063448	-23.980690	141.273715	147.083893	-24.030000	Gap Junction	0.045238
7576	53976	155.260132	162.765927	-27.270000	155.264824	162.760702	-27.270000	Gap Junction	0.023593
7576	177	144.133381	144.679007	-27.100043	144.156199	144.711736	-27.100334	Conventional	0.149884
7576	177	144.650521	147.437167	-27.340759	144.672438	147.416988	-27.365343	Conventional	0.132762
7576	5528	162.879588	170.882399	-24.300000	162.851249	170.851879	-24.300000	Gap Junction	0.085798
7576	5528	154.579772	159.571305	-24.981412	154.533072	159.551969	-24.981538	Gap Junction	0.163739
7576	5528	155.342747	158.327330	-23.161961	155.358610	158.301743	-23.161201	Gap Junction	0.112810
7576	5531	155.609747	158.735065	-26.460000	155.607970	158.711959	-26.460000	Gap Junction	0.071649
7576	5531	153.791593	162.994764	-26.010000	153.781063	163.016408	-26.010000	Gap Junction	0.083344
44229	606	142.861019	171.501240	-23.260673	142.860065	171.470903	-23.258336	Conventional	0.149640
289	606	87.930281	143.126505	-22.320000	87.939032	143.121932	-22.294162	Conventional	0.083843
44237	5530	139.213837	171.154163	-24.000719	139.385270	171.129817	-23.940000	Conventional	0.101731
44237	606	139.066180	171.682342	-23.808310	139.072510	171.695745	-23.761426	Conventional	0.118654
44241	606	135.904964	173.323403	-23.629874	135.927752	173.356010	-23.629251	Conventional	0.188627
5450	606	227.640285	186.413599	-21.610242	227.609094	186.394637	-21.611920	Adherens	0.068105
53976	7576	158.277028	165.519547	-26.640000	158.250660	165.525248	-26.640000	Gap Junction	0.032944
53976	606	157.102289	164.014718	-26.345191	157.088191	163.948208	-26.207122	Ribbon Synapse	0.106024
47833	606	116.879569	145.551645	-23.791526	116.864628	145.512586	-23.670000	Conventional	0.176526
55517	324	60.805101	154.101228	-22.050000	60.777713	154.076885	-22.050000	Gap Junction	0.077045
55517	6117	116.667717	109.739650	-15.647871	116.692378	109.729298	-15.612423	Conventional	0.082788
55517	6117	124.733201	100.396783	-16.130327	124.718774	100.434420	-16.128834	Conventional	0.128875
55517	5481	81.116945	134.005672	-20.709571	81.134234	133.987326	-20.707944	Conventional	0.121078
55517	330	52.091999	162.036246	-21.602124	52.178088	162.048542	-21.635172	Conventional	0.101884
55517	372	80.019961	134.153554	-20.953431	79.994070	134.126312	-20.945775	Conventional	0.163869
55517	277	46.448411	166.964630	-21.870000	46.402393	166.942621	-21.870000	Conventional	0.210606
55517	277	36.563902	175.377537	-20.515586	36.563417	175.414597	-20.516953	Conventional	0.227402
55517	9769	136.214796	91.805767	-16.560000	136.254736	91.795782	-16.560000	Conventional	0.097867
55517	4569	98.121493	122.134005	-19.012359	98.157055	122.164571	-19.012156	Conventional	0.154409
55517	170	89.880459	128.896439	-19.530918	89.891019	128.936610	-19.530167	Conventional	0.124118
55517	606	84.049836	130.729177	-20.775763	84.031943	130.700771	-20.776635	Conventional	0.124814
55517	606	37.017005	175.462359	-20.047486	37.011758	175.492635	-20.047539	Conventional	0.142099
55517	606	84.498458	130.523044	-20.601934	84.487447	130.498015	-20.601675	Gap Junction	0.067838
44256	606	207.145687	196.132415	-24.480000	207.228221	196.131297	-24.436543	Ribbon Synapse	0.091622
44256	606	204.898510	197.619015	-25.336630	204.936715	197.550482	-25.266717	Ribbon Synapse	0.105454
44256	606	207.744998	197.323232	-24.480000	207.792165	197.162412	-24.424787	Ribbon Synapse	0.133711
44256	606	204.235937	197.590116	-25.020000	204.181476	197.496668	-24.985145	Ribbon Synapse	0.122920
38632	330	75.457433	163.271244	-22.500000	75.691595	163.128805	-22.500000	Adherens	0.087252
38632	330	76.180070	164.048762	-21.894897	76.378313	163.899185	-21.891916	Adherens	0.119206
38632	307	44.143707	118.692059	-18.090000	44.071687	119.073096	-18.090000	Conventional	0.202414
38632	606	87.376189	183.105244	-22.627340	87.390533	183.139234	-22.627816	Adherens	0.116757
38632	606	72.547387	158.654362	-22.500000	72.534654	158.631558	-22.500000	Adherens	0.055654
24303	9769	53.444193	102.309528	-17.151954	53.569082	102.147946	-17.152546	Ribbon Synapse	0.114591
24303	598	54.462255	80.868851	-17.910000	54.387562	80.774808	-17.943547	Ribbon Synapse	0.111078
24303	598	57.695168	80.966049	-17.010696	57.865685	81.073561	-17.100000	Ribbon Synapse	0.073732
24303	606	58.964469	79.380128	-19.848210	59.100357	79.389929	-19.919099	Ribbon Synapse	0.123820
51469	606	181.610658	79.687512	-22.296735	181.613285	79.780009	-22.281519	Ribbon Synapse	0.056155
51469	606	180.690256	79.425796	-21.459078	180.696002	79.512300	-21.442495	Ribbon Synapse	0.125386
54232	606	238.516115	175.619772	-22.175140	238.394430	175.642984	-22.355472	Ribbon Synapse	0.121492
12564	606	81.534365	138.306416	-20.250000	81.565584	138.293581	-20.250000	Gap Junction	0.131323
277	366	52.799418	168.687496	-21.060000	53.115513	168.515475	-21.212110	Gap Junction	0.072090
277	366	53.076793	168.503197	-21.150000	53.115513	168.515475	-21.212110	Gap Junction	0.087471
277	606	38.576000	175.872330	-20.070000	38.497061	175.815796	-20.070000	Ribbon Synapse	0.105140
277	606	34.397144	176.769951	-20.725565	34.324140	176.782091	-20.550769	Ribbon Synapse	0.135462
277	606	54.439417	179.312236	-20.208728	54.542603	179.160950	-20.160000	Ribbon Synapse	0.115577
277	606	40.237532	175.890397	-20.838374	40.337861	175.802733	-20.803639	Ribbon Synapse	0.073589
32534	168	135.127709	148.087157	-22.797987	135.245353	148.112268	-22.834467	Conventional	0.147394
32534	606	132.555336	150.157454	-22.513030	132.518570	150.146805	-22.574687	Conventional	0.177021
32534	32534	124.587700	152.305991	-21.870000	124.595741	152.315328	-21.829387	Adherens	0.042896
45847	606	68.247191	37.328855	-21.543488	68.301767	37.444440	-21.600000	Ribbon Synapse	0.131882
45847	606	68.679239	36.355270	-22.216214	68.725358	36.297428	-22.382281	Ribbon Synapse	0.192402
23836	5530	140.675016	170.956012	-23.707986	140.430046	171.004069	-23.850000	Conventional	0.112996
23836	5468	237.917143	123.261808	-17.503822	237.908309	123.357345	-17.511921	Conventional	0.087598
23836	7594	182.255561	150.391418	-24.375229	182.240262	150.303172	-24.343664	Conventional	0.141791
23836	606	151.930479	167.176383	-25.588614	151.954763	167.213477	-25.604659	Conventional	0.159673
23836	606	146.888465	169.022785	-24.388165	146.903225	169.054241	-24.387004	Conventional	0.155727
23836	606	224.937159	131.380509	-20.206135	224.917871	131.436952	-20.208605	Conventional	0.185145
23836	606	151.531604	167.389713	-25.442455	151.544493	167.438253	-25.431264	Conventional	0.133338
23836	606	132.735888	176.263599	-23.573307	132.685444	176.292695	-23.573020	Conventional	0.182038
23836	606	202.926331	140.835955	-23.255729	202.907121	140.814855	-23.267981	Conventional	0.141472
23836	606	140.897520	171.647002	-23.580000	140.936339	171.701995	-23.580000	Conventional	0.149679
23836	606	133.401744	175.371347	-23.850000	133.392439	175.307982	-23.850000	Conventional	0.196351
23836	606	156.486825	164.417364	-25.644179	156.484626	164.377953	-25.651711	Conventional	0.108662
23836	606	137.829083	172.603476	-23.548395	137.782465	172.537148	-23.540505	Conventional	0.189066
23836	606	223.532844	131.985548	-20.506220	223.540844	131.923298	-20.504966	Conventional	0.178783
23836	606	182.055849	151.410247	-24.715115	182.037996	151.451490	-24.717916	Conventional	0.164920
51997	606	240.679746	85.256980	-18.360000	240.642810	85.275940	-18.443266	Ribbon Synapse	0.115987
33057	5468	224.540760	124.103681	-19.924367	224.457329	123.970403	-19.914975	Conventional	0.202577
33057	606	222.489406	131.170599	-20.688178	222.488011	131.187704	-20.722442	Conventional	0.159840
33057	606	221.100641	168.689454	-22.329634	221.154275	168.682198	-22.380459	Conventional	0.118109
44329	606	182.649182	199.887268	-24.260379	182.672342	199.896931	-24.260008	Gap Junction	0.155945
38698	330	68.420860	184.327752	-22.385897	68.468901	184.659999	-22.355525	Conventional	0.214309
38698	12564	87.559205	178.783173	-24.390000	87.577248	178.765130	-24.390000	Adherens	0.107952
38698	606	60.354876	186.902825	-20.596653	60.343429	186.893842	-20.643339	Conventional	0.179152
6958	606	227.372966	142.381931	-23.005917	227.281750	142.345672	-22.898670	Ribbon Synapse	0.117052
6958	606	227.506022	143.579068	-22.869863	227.600117	143.537601	-22.719264	Ribbon Synapse	0.118670
25392	606	66.346765	96.263980	-19.170000	66.374572	96.299600	-19.170000	Conventional	0.189931
44338	606	185.325057	222.031612	-26.502230	185.406023	222.065390	-26.482972	Ribbon Synapse	0.086100
307	38632	44.015898	118.542776	-17.820000	44.150581	118.489710	-17.820000	Conventional	0.106232
307	9769	51.492971	98.567367	-16.897326	51.627584	98.323942	-16.754556	Ribbon Synapse	0.180934
307	9769	30.933941	89.266313	-15.120000	31.026963	89.352501	-15.120000	Ribbon Synapse	0.129957
307	9769	17.219098	98.001176	-12.870000	17.251058	97.897472	-12.870000	Ribbon Synapse	0.118081
307	9769	50.378188	91.358072	-17.002679	50.194172	91.567127	-17.034902	Ribbon Synapse	0.173112
307	9769	50.157031	94.824219	-16.380000	49.859524	94.867767	-16.380000	Ribbon Synapse	0.179698
307	9769	51.304212	95.884701	-16.740000	51.243965	95.912610	-16.740000	Adherens	0.090773
307	9769	51.052019	94.145070	-16.861830	51.019599	94.127400	-16.944496	Ribbon Synapse	0.078692
307	9769	50.991685	109.748059	-16.560000	51.457146	110.017532	-16.437310	Ribbon Synapse	0.080960
307	9769	36.045779	86.943394	-15.062061	36.354884	87.060681	-15.061105	Ribbon Synapse	0.160038
307	9769	15.203435	96.595108	-11.700000	15.615383	96.663248	-11.751119	Ribbon Synapse	0.114520
307	7594	33.223939	87.373844	-14.490000	33.114127	87.349589	-14.439506	Ribbon Synapse	0.061610
307	5513	39.108812	86.151207	-14.197962	39.160023	86.127066	-14.194178	Gap Junction	0.179302
307	5513	63.523033	103.503266	-17.376268	63.570131	103.406260	-17.388486	Gap Junction	0.128806
46388	7024	100.278768	20.546770	-23.490000	100.235348	20.549056	-23.490000	Gap Junction	0.083448
46388	7024	99.451023	19.535607	-22.590000	99.418184	19.526918	-22.590000	Gap Junction	0.126380
46388	46105	106.696242	17.794849	-23.040000	106.675917	17.780215	-23.040000	Gap Junction	0.130041
46388	46589	91.989006	26.157991	-23.048487	92.532330	25.786334	-23.014028	Ribbon Synapse	0.072468
46388	46589	89.807365	21.404058	-22.551529	89.980091	21.511676	-22.531962	Ribbon Synapse	0.118860
46388	606	94.363750	27.261615	-22.950000	94.427783	27.356749	-22.950000	Ribbon Synapse	0.168176
46388	606	87.707272	33.527936	-22.365214	87.604890	33.437721	-22.264510	Ribbon Synapse	0.075550
46388	606	93.124193	28.434310	-22.914611	93.191704	28.467247	-22.897100	Ribbon Synapse	0.140827
46388	606	100.872267	18.491640	-22.624609	101.090830	18.443904	-22.723131	Ribbon Synapse	0.088334
54078	606	147.097899	92.400933	-17.459890	146.764290	92.222625	-17.389166	Conventional	0.152313
10559	606	184.352883	192.322827	-26.220498	184.329010	192.319759	-26.220105	Gap Junction	0.073381
10559	606	184.201335	192.903860	-26.388531	184.160794	192.902875	-26.397878	Adherens	0.117906
5442	606	211.160460	129.593752	-23.670000	211.170847	129.562591	-23.670000	Adherens	0.127705
324	38632	59.190331	136.390767	-19.034384	58.913817	136.200314	-18.934686	Ribbon Synapse	0.107904
324	38632	70.060839	153.412491	-21.074153	70.027451	153.249395	-21.150000	Ribbon Synapse	0.125467
324	38632	66.166688	146.999164	-20.346682	66.340269	146.880852	-20.568286	Ribbon Synapse	0.154580
324	38632	54.682002	130.977712	-19.142540	54.554350	131.051947	-19.080000	Ribbon Synapse	0.084943
324	38632	61.886803	139.469913	-19.663410	61.908933	139.803472	-19.710000	Ribbon Synapse	0.060433
324	38632	64.099868	142.494544	-19.723613	63.779788	142.533044	-19.844224	Ribbon Synapse	0.092347
324	38632	65.421010	146.257196	-20.555503	65.528438	146.037298	-20.582514	Ribbon Synapse	0.120563
324	9769	42.911990	146.579366	-19.710000	42.568293	146.876387	-19.710000	Ribbon Synapse	0.122364
324	9769	44.141575	143.275812	-20.528512	44.021305	143.157044	-20.549781	Ribbon Synapse	0.153058
324	9769	42.775796	146.343504	-20.070000	42.596948	146.285399	-20.070000	Ribbon Synapse	0.203526
324	9769	48.570301	124.058276	-18.152305	48.475978	124.154482	-18.150579	Ribbon Synapse	0.156475
324	9769	43.712409	144.593447	-19.847007	43.488738	144.630417	-19.844410	Ribbon Synapse	0.127672
324	9769	45.297220	135.650957	-19.683067	45.362702	135.608918	-19.862799	Ribbon Synapse	0.154696
324	9769	45.597298	152.135008	-20.406304	45.448357	152.166251	-20.430000	Ribbon Synapse	0.151359
324	170	74.950868	144.427518	-20.971098	74.978441	144.459431	-20.978480	Gap Junction	0.142006
324	170	89.724407	138.396397	-20.270225	89.813028	138.337834	-20.260188	Gap Junction	0.108700
324	55403	89.490315	120.754705	-19.800000	89.459288	120.694654	-19.728139	Ribbon Synapse	0.103089
324	55403	67.089415	143.298931	-20.986625	67.076849	143.330080	-21.134182	Ribbon Synapse	0.068895
324	55403	74.240268	134.177100	-20.590658	74.407513	134.159091	-20.661560	Ribbon Synapse	0.061202
324	55403	60.710431	153.263555	-22.415510	60.700300	153.190335	-22.590000	Ribbon Synapse	0.179499
324	307	47.508921	121.523102	-18.630000	47.241175	121.316996	-18.630000	Gap Junction	0.159339
324	52382	45.257779	134.756662	-19.607664	45.252046	134.769419	-19.588882	Gap Junction	0.099744
324	330	71.423319	156.665935	-21.780000	71.397036	156.571019	-21.839623	Gap Junction	0.087982
324	55517	78.882127	135.148099	-21.109464	78.928957	135.260160	-21.119161	Ribbon Synapse	0.117126
324	55517	83.198194	131.429368	-21.230533	83.318805	131.460327	-21.191935	Ribbon Synapse	0.077064
324	606	81.371354	135.492527	-20.430000	81.347689	135.649501	-20.430000	Ribbon Synapse	0.106947
324	606	74.240268	134.177100	-20.590658	74.360527	134.247179	-20.596660	Ribbon Synapse	0.082868
324	606	43.913660	150.203694	-20.430000	43.738509	150.468475	-20.430000	Ribbon Synapse	0.111351
324	606	45.297220	135.650957	-19.683067	45.272043	135.601005	-19.860637	Ribbon Synapse	0.154696
324	606	72.047345	134.723343	-20.114437	72.133451	134.677645	-19.949247	Ribbon Synapse	0.065090
324	606	45.692483	152.743265	-20.430000	45.679033	152.792395	-20.467103	Ribbon Synapse	0.089406
324	606	83.909692	130.595805	-21.690000	83.953721	130.589952	-21.690000	Adherens	0.117499
324	606	83.597742	130.250664	-21.150000	83.621791	130.238296	-21.150000	Adherens	0.056979
324	606	83.198194	131.429368	-21.230533	83.296275	131.445052	-21.358115	Ribbon Synapse	0.077064
324	606	78.882127	135.148099	-21.109464	78.879090	135.297408	-21.256078	Ribbon Synapse	0.089406
324	606	44.141575	143.275812	-20.528512	44.150955	143.200116	-20.663478	Ribbon Synapse	0.064721
324	606	73.148336	134.479906	-19.620000	73.040085	134.613008	-19.620000	Ribbon Synapse	0.191077
10565	176	161.004431	144.924247	-22.860000	161.361360	144.734880	-22.860000	Conventional	0.176671
10565	606	157.162288	162.275880	-25.530156	157.208921	162.295708	-25.541478	Conventional	0.184336
10565	606	155.280596	164.287792	-25.380000	155.285165	164.360892	-25.380000	Conventional	0.116351
10565	606	152.370064	167.260135	-25.371613	152.348032	167.225107	-25.369896	Conventional	0.162450
45894	606	66.957559	59.590463	-19.594911	66.941096	59.647454	-19.746071	Ribbon Synapse	0.110697
330	38632	87.118770	187.558689	-23.130000	87.357386	187.573949	-23.130000	Ribbon Synapse	0.143498
330	38632	73.561739	158.935556	-22.184651	73.439105	158.916971	-22.140000	Ribbon Synapse	0.116266
330	38632	82.611574	174.148259	-23.405935	82.780310	174.163703	-23.490000	Ribbon Synapse	0.123273
330	38632	79.826517	168.073929	-23.358753	79.796197	168.051485	-23.490000	Ribbon Synapse	0.091747
330	38632	76.785395	164.281134	-21.655716	76.469437	164.389863	-21.660204	Ribbon Synapse	0.170401
330	9769	50.512878	160.943191	-20.602856	50.463889	161.144116	-20.594814	Ribbon Synapse	0.088834
330	9769	54.281984	182.338330	-20.056657	54.217829	182.575024	-19.948389	Ribbon Synapse	0.097304
330	330	105.354396	172.132980	-24.030000	105.420648	172.139416	-23.992532	Gap Junction	0.153619
330	335	56.620927	187.171675	-20.250000	56.462596	187.093458	-20.250000	Gap Junction	0.078742
330	335	67.385829	181.266726	-21.870000	67.304708	181.326332	-21.870000	Gap Junction	0.050203
330	335	57.621392	191.044385	-21.503674	57.543494	191.019163	-21.509792	Gap Junction	0.122312
330	12408	49.307779	175.751476	-20.893367	49.339642	175.878969	-20.880000	Ribbon Synapse	0.117345
330	12408	40.944376	174.054408	-21.897173	40.907200	173.869902	-21.897070	Ribbon Synapse	0.124700
330	12408	54.281984	182.338330	-20.056657	53.925752	182.633485	-19.939637	Ribbon Synapse	0.097304
330	606	48.215529	157.598887	-20.238414	48.267322	157.639023	-20.160000	Ribbon Synapse	0.080897
330	606	48.132839	156.959641	-20.177975	48.006335	156.887375	-20.070000	Ribbon Synapse	0.097432
330	606	56.264016	165.095167	-22.482466	56.268267	165.237742	-22.554005	Ribbon Synapse	0.205324
330	606	50.512878	160.943191	-20.602856	50.569913	161.083836	-20.482950	Ribbon Synapse	0.096883
330	606	52.697214	162.901347	-21.780000	52.558198	162.894689	-21.780000	Ribbon Synapse	0.055994
330	606	52.659766	174.860702	-20.517655	52.656102	174.859167	-20.250000	Ribbon Synapse	0.131716
330	606	62.676692	161.604473	-22.450674	62.587912	161.656451	-22.317069	Ribbon Synapse	0.078264
330	606	57.188662	184.791303	-19.980087	57.224910	184.805084	-19.780693	Ribbon Synapse	0.097171
330	606	53.172678	173.940739	-20.954000	53.190097	173.935701	-20.788871	Ribbon Synapse	0.089911
330	606	89.862431	181.975786	-22.698390	89.767860	181.939324	-22.860000	Ribbon Synapse	0.078201
330	606	46.446933	153.893853	-20.362901	46.529758	153.790061	-20.176133	Ribbon Synapse	0.126690
330	606	53.072085	163.288923	-22.150916	52.991833	163.364175	-22.249479	Ribbon Synapse	0.118145
330	606	90.835774	182.279450	-22.968536	91.264902	182.028267	-23.040000	Ribbon Synapse	0.080764
330	606	56.520468	180.897263	-21.175024	56.350960	180.897445	-21.142105	Ribbon Synapse	0.100092
330	606	56.917276	183.909001	-20.020292	56.801792	183.883940	-19.869925	Ribbon Synapse	0.082035
330	606	79.994237	188.123334	-22.533118	80.094777	188.008638	-22.409908	Ribbon Synapse	0.091896
330	606	49.307779	175.751476	-20.893367	49.488741	175.724109	-20.970000	Ribbon Synapse	0.117345
330	606	57.040805	182.880752	-20.239680	57.029314	182.730358	-20.160000	Ribbon Synapse	0.078059
330	606	73.398485	159.052622	-22.904593	73.295059	158.954268	-22.908768	Ribbon Synapse	0.131386
5451	606	186.189697	188.310258	-24.660000	186.161421	188.311708	-24.660000	Adherens	0.049863
5451	606	185.542204	184.260392	-24.300000	185.506646	184.257606	-24.300000	Gap Junction	0.077333
5451	606	161.810356	159.655969	-25.127071	161.792953	159.644759	-25.127144	Gap Junction	0.055444
5451	606	186.958267	176.674574	-24.998778	186.992135	176.668683	-25.004940	Gap Junction	0.122702
5451	606	185.898041	181.457634	-24.111314	185.871687	181.464905	-24.110938	Gap Junction	0.091250
335	9769	55.660755	187.907484	-20.520000	55.442031	187.937294	-20.520000	Ribbon Synapse	0.129130
335	9769	53.321369	195.132021	-21.731313	53.456246	195.096066	-21.694090	Ribbon Synapse	0.135749
335	330	57.539898	191.274846	-21.546970	57.622674	191.253896	-21.552178	Adherens	0.101947
335	330	61.633371	173.509864	-20.700000	61.569375	173.453410	-20.700000	Gap Junction	0.181158
335	330	62.244140	172.946896	-20.970000	62.237486	172.923601	-20.970000	Gap Junction	0.052619
335	606	43.461239	175.581960	-20.568990	43.450611	175.538314	-20.466770	Ribbon Synapse	0.117794
335	606	46.158384	176.202761	-20.482268	46.299882	176.067616	-20.592686	Ribbon Synapse	0.118802
335	606	67.861769	190.163524	-21.702424	67.962381	190.206978	-21.663781	Ribbon Synapse	0.097857
335	606	53.101521	198.187964	-23.310000	53.054002	198.173838	-23.285022	BC Conventional	0.153338
5456	606	195.448473	197.282053	-26.010000	195.470526	197.476696	-25.924028	Ribbon Synapse	0.082911
47445	7594	222.974836	55.521218	-21.306204	223.022428	55.608040	-21.456108	Ribbon Synapse	0.143015
47445	606	219.616124	55.615550	-21.476565	219.519926	55.561061	-21.510000	Ribbon Synapse	0.099365
47445	606	218.276200	55.320057	-21.493102	218.443743	55.334555	-21.548344	Ribbon Synapse	0.065313
47445	606	217.743884	55.508014	-22.680000	217.760081	55.589851	-22.749047	Ribbon Synapse	0.115972
47445	606	222.974836	55.521218	-21.306204	223.025241	55.542265	-21.466016	Ribbon Synapse	0.159256
5468	9769	238.346550	133.980013	-18.517236	238.170067	134.178240	-18.521643	Ribbon Synapse	0.136308
5468	9769	231.016283	131.528561	-20.250471	231.028813	131.356597	-20.430000	Ribbon Synapse	0.163250
5468	9769	231.590296	132.148816	-20.221248	231.710618	132.127442	-20.308934	Ribbon Synapse	0.085160
5468	9769	219.768800	126.232268	-22.770000	219.608605	126.334616	-22.770000	Ribbon Synapse	0.137440
5468	9769	244.827814	139.298560	-17.965982	244.992019	138.967082	-17.877855	Ribbon Synapse	0.106568
5468	9769	238.329287	135.196634	-18.346366	238.495292	135.083527	-18.691551	Ribbon Synapse	0.192877
5468	9769	244.633379	138.921740	-18.671660	244.730211	138.735606	-18.656249	Ribbon Synapse	0.127617
5468	9769	244.062593	138.353633	-18.270000	244.146621	138.161907	-18.324952	Ribbon Synapse	0.093297
5468	5442	223.418537	129.475655	-19.170000	223.407395	129.450585	-19.170000	Adherens	0.061343
5468	5442	223.949585	129.184462	-19.967326	223.968490	129.050133	-19.890000	Ribbon Synapse	0.117838
5468	5468	227.203405	144.626998	-20.471329	227.212653	144.654378	-20.472904	Gap Junction	0.089576
5468	606	229.949203	132.350283	-20.911178	229.956055	132.450587	-21.035407	Ribbon Synapse	0.110992
5468	606	231.590296	132.148816	-20.221248	231.654751	132.227718	-20.336971	Ribbon Synapse	0.074766
5468	606	242.116892	153.455389	-19.260000	242.136279	153.415474	-19.260000	Adherens	0.093419
5468	606	231.929611	131.995729	-19.402584	232.359028	131.527317	-19.440000	Ribbon Synapse	0.093912
5468	606	217.554820	130.422751	-20.792079	217.499387	130.562309	-20.882456	Ribbon Synapse	0.164795
5468	606	238.986646	156.234642	-18.891539	238.974922	156.101110	-18.942529	Ribbon Synapse	0.091601
5468	606	242.189818	157.384721	-19.170000	242.414147	155.241201	-19.219639	Ribbon Synapse	0.144815
5468	33057	222.226941	131.306445	-19.727601	222.282604	131.291309	-19.767486	BC Conventional	0.061856
5468	33057	222.260046	131.655295	-19.800000	222.306152	131.655295	-19.800000	Adherens	0.053817
55610	606	201.214332	159.924021	-23.490000	201.209710	159.941433	-23.490000	Gap Junction	0.169340
55610	606	197.054666	159.720565	-24.300000	197.063486	159.711256	-24.300000	Gap Junction	0.023103
55610	606	196.171759	159.708031	-24.480000	196.157077	159.684992	-24.480000	Gap Junction	0.058618
55610	606	196.664410	159.627749	-24.462613	196.670055	159.603639	-24.462876	Gap Junction	0.060522
45406	606	157.502764	161.750454	-25.609744	157.534280	161.775978	-25.609144	Gap Junction	0.159649
39909	606	196.965805	159.532163	-24.160411	196.920565	159.545191	-24.210000	Conventional	0.136138
39909	606	195.735690	160.019667	-23.663707	195.698655	160.001795	-23.694855	Conventional	0.101377
8040	606	164.645358	24.861423	-25.137698	164.712489	24.765080	-25.076125	Ribbon Synapse	0.156986
8040	606	145.190743	18.347329	-23.547745	145.078322	18.280105	-23.310000	Ribbon Synapse	0.198975
8040	606	134.914340	24.386233	-23.548956	134.886098	24.259991	-23.612200	Ribbon Synapse	0.142760
8040	606	134.276369	25.235149	-23.940773	134.142991	25.179848	-23.961689	Ribbon Synapse	0.091714
5481	4569	90.869919	142.756245	-22.358037	90.938234	142.690167	-22.347478	Conventional	0.213188
5481	372	79.580201	133.287350	-20.738965	79.451913	133.491115	-20.610000	Conventional	0.262626
5481	606	124.338275	149.145330	-22.320000	124.321380	149.108270	-22.320000	Adherens	0.056616
5481	606	101.253337	142.250444	-22.230000	101.251755	142.218723	-22.230000	Gap Junction	0.064504
5481	606	103.878427	143.144105	-22.050000	103.919595	143.140362	-22.050000	Gap Junction	0.087395
366	38632	57.749174	135.170603	-18.671957	57.681961	134.899905	-18.630000	Ribbon Synapse	0.110175
366	428	60.606671	161.718589	-24.390000	60.572111	161.707316	-24.390000	Adherens	0.057308
366	428	66.988126	158.938087	-23.130000	67.032004	158.938665	-23.130000	Adherens	0.053596
366	12564	79.948220	141.651707	-20.970432	80.094675	141.585500	-20.806177	Ribbon Synapse	0.099902
366	606	60.109074	162.774908	-22.600941	60.028551	162.903607	-22.680000	Ribbon Synapse	0.097372
366	335	64.646859	167.913096	-21.716218	64.634103	167.967057	-21.721196	Adherens	0.079117
44970	606	145.488398	135.893628	-24.030000	145.487919	135.875301	-24.030000	Gap Junction	0.045284
7024	48516	116.857732	28.970388	-22.581323	116.956472	29.000966	-22.528736	Gap Junction	0.191576
7024	6117	126.655324	79.645121	-17.215257	126.806357	79.801353	-17.232556	Gap Junction	0.143935
7024	9769	132.286561	67.762880	-19.123742	132.120651	67.927205	-19.137023	Ribbon Synapse	0.101832
7024	9769	121.343379	57.300976	-19.080000	121.249763	57.396263	-19.080000	Ribbon Synapse	0.282857
7024	9769	113.154121	71.618051	-16.650000	113.207603	71.189909	-16.728632	Ribbon Synapse	0.078789
7024	9769	123.885374	77.492065	-17.010000	124.069446	77.390489	-17.010000	Ribbon Synapse	0.119207
7024	9769	118.355756	55.341879	-20.421950	118.216466	55.511516	-20.439125	Ribbon Synapse	0.123609
7024	9769	122.616031	58.226876	-18.670935	122.535247	58.410233	-18.682522	Ribbon Synapse	0.115315
7024	9769	109.994006	69.215971	-16.891197	110.101719	69.093216	-16.889607	Ribbon Synapse	0.172928
7024	9769	117.970898	73.891800	-16.977662	118.185558	73.846895	-16.950448	Ribbon Synapse	0.207617
7024	7594	123.981251	77.907619	-17.190000	124.004265	78.299610	-17.190000	Touch	0.215480
7024	7024	131.383920	52.923534	-20.970000	131.450581	52.893793	-20.970000	Gap Junction	0.129824
7024	46388	88.731320	32.666084	-23.130000	88.725092	32.666310	-23.130000	Gap Junction	0.037245
7024	5513	101.637347	75.780587	-17.442038	101.604010	75.871237	-17.486724	Gap Junction	0.194182
7024	5499	116.949275	42.536627	-20.790000	116.958413	42.487283	-20.790000	Gap Junction	0.268155
7024	5499	131.210602	52.857899	-20.970000	131.195987	52.820427	-20.970000	Gap Junction	0.070733
7024	606	98.079286	23.168758	-22.548174	98.147776	23.252986	-22.680000	Ribbon Synapse	0.103279
7024	606	143.542102	65.708643	-19.669976	143.495526	65.672614	-19.867423	Ribbon Synapse	0.103488
7024	606	92.015380	31.068200	-23.105263	91.019603	31.699898	-23.130000	Ribbon Synapse	0.152543
7024	606	100.633543	19.632997	-23.252783	100.731428	19.641419	-23.310000	Ribbon Synapse	0.150781
7024	606	123.864372	57.547520	-18.036719	123.969320	57.632298	-18.008912	Ribbon Synapse	0.180464
7024	606	90.582555	32.176290	-22.899435	90.646239	31.990075	-22.900796	Ribbon Synapse	0.122009
5608	10559	224.474638	169.879862	-21.704432	224.435604	169.881438	-21.557994	BC Conventional	0.072022
5608	606	224.474638	169.879862	-21.704432	224.532966	169.848901	-21.739207	BC Conventional	0.123991
5608	606	214.960998	168.721696	-21.547168	215.003721	168.619719	-21.557443	Ribbon Synapse	0.151724
5608	5606	217.312637	188.688057	-22.410000	217.283630	188.646143	-22.365369	Adherens	0.136271
5608	5607	216.039735	176.701867	-23.490000	216.127242	176.806056	-23.490000	Ribbon Synapse	0.056180
5491	606	141.021780	148.931944	-23.946680	141.013110	148.903053	-23.991600	Conventional	0.134007
372	38632	51.073904	126.720397	-18.319877	51.136891	126.575572	-18.270000	Ribbon Synapse	0.082215
372	59499	82.678686	129.307670	-19.620000	82.682724	129.325841	-19.620000	Gap Junction	0.063632
372	372	73.201472	129.765023	-18.990000	73.165941	129.896879	-18.990000	Gap Junction	0.090329
372	606	84.013728	127.762772	-20.540612	84.022394	127.832759	-20.700000	Ribbon Synapse	0.139850
35193	7594	222.815037	172.236770	-21.021094	222.838260	172.072568	-21.071423	Conventional	0.122898
35193	25155	192.644914	198.004747	-25.110000	192.593646	197.943029	-25.110000	Conventional	0.197860
35193	606	225.978765	170.430601	-21.010433	226.035946	170.537929	-21.060000	Conventional	0.120441
35193	606	182.210918	202.758347	-24.710288	182.174982	202.729780	-24.712109	Conventional	0.164488
35193	5607	219.147239	176.363663	-22.402547	219.156945	176.416175	-22.405635	Conventional	0.182476
35193	5607	228.481839	169.111617	-20.601578	228.655332	169.305050	-20.629486	Conventional	0.186164
5499	7024	131.239488	52.728666	-21.105595	131.273001	52.796900	-21.105565	Gap Junction	0.154309
5499	5561	144.346644	64.063097	-20.778561	144.349788	64.007574	-20.782126	Gap Junction	0.048744
5499	55403	151.810294	45.495800	-23.310000	151.869990	45.423661	-23.310000	Ribbon Synapse	0.043008
5499	55403	154.411557	43.841918	-24.194503	154.392287	43.749763	-24.268147	Ribbon Synapse	0.069304
5499	55403	140.627196	61.665703	-20.631492	140.500061	61.691960	-20.677684	Ribbon Synapse	0.070254
5499	606	123.593290	51.805813	-18.121279	123.522265	51.915058	-18.191750	Ribbon Synapse	0.119366
5499	606	123.113562	49.626162	-19.315606	122.769194	49.629204	-19.170000	Ribbon Synapse	0.062057
5499	606	146.246579	57.739803	-21.591496	146.348876	57.863629	-21.648151	Ribbon Synapse	0.114397
5499	606	123.439621	54.945236	-18.845804	123.403915	54.939939	-18.729333	Ribbon Synapse	0.091345
5499	606	145.639448	57.830807	-21.499675	145.566907	57.970292	-21.641679	Ribbon Synapse	0.114880
39915	606	124.440536	43.288230	-18.700933	124.395324	43.292034	-18.727756	Conventional	0.204764
48516	606	138.946551	20.658960	-23.310000	138.763606	20.755006	-23.310000	Ribbon Synapse	0.077684
48516	606	148.584141	17.837661	-23.211619	148.142151	17.821465	-23.130000	Ribbon Synapse	0.085236
48516	606	128.611769	29.462938	-23.136510	128.557942	29.408013	-23.040000	Ribbon Synapse	0.108553
48516	606	154.039664	19.795972	-23.970125	153.866470	19.540349	-23.886261	Ribbon Synapse	0.112000
48516	606	128.419320	29.991291	-23.128813	128.507850	30.063463	-22.912983	Ribbon Synapse	0.066635
48516	606	128.169840	29.017644	-23.093253	128.170843	28.912203	-23.010000	Ribbon Synapse	0.069777
5513	9769	42.724172	83.393667	-16.229658	42.862337	83.673199	-16.080093	Ribbon Synapse	0.099302
5513	9769	42.567180	83.666150	-16.003274	42.862337	83.673199	-16.080093	Ribbon Synapse	0.140784
5513	7594	63.796464	87.011569	-17.329702	63.953990	87.080964	-17.333282	Ribbon Synapse	0.140576
5513	24303	52.264637	77.782331	-18.180000	52.005439	77.658152	-18.180000	Gap Junction	0.103018
5513	606	87.032448	71.359515	-17.500316	87.057793	71.415573	-17.550000	Ribbon Synapse	0.148916
5513	606	92.665386	70.057398	-17.370000	92.640389	70.110795	-17.388936	Ribbon Synapse	0.050525
5513	606	95.111435	68.938938	-17.265714	95.206038	69.000612	-17.325042	Ribbon Synapse	0.097855
5513	5513	91.574982	69.765311	-18.125741	91.487044	69.892823	-18.227055	Ribbon Synapse	0.113639
5537	25155	177.964888	186.069079	-25.035356	177.961130	186.015090	-25.038626	Gap Junction	0.133417
5537	45220	171.012174	183.212583	-24.660000	171.274828	183.246272	-24.600226	Ribbon Synapse	0.079280
5537	7594	173.278184	170.840435	-23.940000	173.236018	171.102675	-23.940000	Ribbon Synapse	0.110894
5537	7594	183.153566	188.591142	-25.921834	183.113431	188.556997	-26.010000	Ribbon Synapse	0.109373
5537	5451	186.081123	188.396524	-24.408248	186.106464	188.285209	-24.424707	Ribbon Synapse	0.045998
5537	5451	186.592905	188.346514	-23.916608	186.504555	188.270226	-24.097987	Ribbon Synapse	0.064358
5537	5451	187.170161	177.753082	-23.450497	187.002301	177.643484	-23.274700	Ribbon Synapse	0.057290
5537	606	183.337707	194.851317	-25.830000	183.423063	194.930006	-25.830000	Ribbon Synapse	0.097126
5537	606	186.081123	188.396524	-24.408248	185.971489	188.316993	-24.480000	Ribbon Synapse	0.080996
5537	10559	183.727810	193.544032	-26.190000	183.833077	193.655655	-26.190000	Ribbon Synapse	0.090232
49554	606	188.980376	201.212589	-27.436618	189.028326	201.390151	-27.302205	Ribbon Synapse	0.090142
5528	7576	155.961072	158.823516	-26.518525	155.787866	158.912396	-26.655539	Ribbon Synapse	0.101244
5528	7576	157.885131	168.670206	-25.110000	157.896249	168.654641	-25.110000	Adherens	0.069200
5528	7576	157.110450	165.845064	-26.651598	157.116051	165.798404	-26.660704	Adherens	0.072705
5528	7576	163.209040	169.834733	-25.020000	163.190343	169.867140	-25.020000	Adherens	0.078692
5528	7576	155.235475	159.234923	-26.190000	155.274311	159.243099	-26.190000	Adherens	0.132624
5528	7576	154.931168	161.677158	-26.351737	154.981580	161.837427	-26.437928	Ribbon Synapse	0.101702
5528	7576	157.554385	168.389702	-25.339225	157.694182	168.329981	-25.317650	Ribbon Synapse	0.092900
5528	7576	157.768159	166.247024	-26.331217	157.893982	166.183032	-26.428467	Ribbon Synapse	0.089876
5528	7576	162.621861	169.607375	-25.201437	162.599692	169.628659	-25.201834	Gap Junction	0.073374
5528	7576	153.571569	159.591214	-24.688517	153.818938	159.716004	-24.660000	Ribbon Synapse	0.139549
5528	7576	145.202310	167.291864	-24.480000	145.173875	167.282386	-24.480000	Gap Junction	0.076510
5528	53976	158.249964	165.335899	-26.370000	158.267635	165.326131	-26.342056	Gap Junction	0.122112
5528	595	152.853962	154.874108	-26.404864	152.851436	154.991703	-26.394766	Adherens	0.139668
5528	5531	152.923076	155.811108	-25.740000	152.824608	155.804543	-25.740000	Gap Junction	0.126631
5528	5531	155.682942	158.742811	-26.280000	155.666849	158.726718	-26.280000	Gap Junction	0.085442
5528	606	155.549988	154.437018	-25.870803	155.507867	154.494284	-26.010000	Ribbon Synapse	0.087725
5528	606	160.207850	160.400281	-25.981828	160.366283	160.433917	-25.920000	Ribbon Synapse	0.080965
5530	45220	161.812268	160.647169	-24.930000	161.900339	160.656963	-24.960332	Ribbon Synapse	0.057856
5530	45220	166.654542	145.155087	-22.599966	166.653750	145.320894	-22.522836	Ribbon Synapse	0.083105
5530	45220	162.265107	161.176829	-25.102508	162.387556	161.128729	-25.217923	Ribbon Synapse	0.063176
5530	6117	134.842257	137.215724	-22.950000	134.857162	137.188400	-22.950000	Gap Junction	0.085654
5530	6117	150.635550	130.166393	-22.348854	150.645758	130.103293	-22.347829	Gap Junction	0.140756
5530	9769	147.303126	134.518711	-21.506159	147.211679	134.728304	-21.345195	Ribbon Synapse	0.084301
5530	9769	149.557859	160.668918	-25.380000	149.551377	160.762914	-25.380000	Ribbon Synapse	0.071381
5530	9769	142.153119	154.830845	-25.581914	142.119846	155.048447	-25.560000	Ribbon Synapse	0.117090
5530	9769	140.179913	153.519973	-25.138722	139.807166	153.841340	-25.080267	Ribbon Synapse	0.230447
5530	9769	147.123813	137.660180	-21.300905	147.212185	137.661714	-21.341446	Ribbon Synapse	0.116983
5530	9769	141.582727	154.490405	-25.154581	141.635968	154.762790	-25.131327	Ribbon Synapse	0.180220
5530	7594	146.786182	161.332247	-22.791057	146.974973	161.422060	-22.798431	Ribbon Synapse	0.110719
5530	5451	166.960157	164.789064	-23.917675	166.929024	164.805170	-23.731815	Ribbon Synapse	0.118372
5530	595	153.990265	145.087114	-23.279021	153.942824	145.039437	-23.260343	Gap Junction	0.071004
5530	5534	160.986933	166.994507	-25.691214	160.921897	167.112982	-25.687266	Gap Junction	0.111610
5530	5534	133.504861	179.535433	-22.950000	133.593235	179.921258	-22.950000	Gap Junction	0.146776
5530	35288	131.175428	173.060575	-23.940000	131.410676	173.005723	-23.977532	Ribbon Synapse	0.091440
5530	5530	132.032899	172.820173	-23.959182	131.998956	172.613962	-23.937256	Gap Junction	0.143807
5530	170	135.582864	141.417761	-23.089760	135.678340	141.722424	-23.096616	Gap Junction	0.089155
5530	606	173.692666	151.204857	-23.287419	173.728064	151.295357	-23.227445	Ribbon Synapse	0.128023
5530	606	136.154729	150.870411	-24.300000	136.204743	150.790389	-24.300000	Ribbon Synapse	0.096593
5530	606	156.308182	153.338896	-24.311983	156.439028	153.339372	-24.459097	Ribbon Synapse	0.073271
5530	606	157.765907	163.237964	-25.743396	157.669413	163.167334	-25.871204	Ribbon Synapse	0.190559
5530	606	149.876855	145.005337	-21.780000	149.872003	144.983504	-21.780000	Adherens	0.075551
5530	606	130.965468	150.033376	-22.140000	130.975953	150.013359	-22.140000	Adherens	0.109324
5530	606	157.780132	162.283783	-25.061813	157.608005	162.170242	-25.110000	Ribbon Synapse	0.095753
5530	606	140.251779	171.513204	-24.061378	140.417158	171.660584	-23.989463	Ribbon Synapse	0.147806
5530	606	124.637381	148.130872	-22.161796	124.706508	148.255773	-22.145752	Ribbon Synapse	0.094095
5530	606	165.148833	155.746848	-23.663436	165.174062	155.899906	-23.670000	Ribbon Synapse	0.123971
5530	606	133.379594	175.710966	-24.260524	133.224867	175.701474	-24.249568	Ribbon Synapse	0.084344
5530	606	150.031378	168.366080	-25.138576	150.018769	168.336915	-25.258826	Ribbon Synapse	0.194717
5530	606	165.797516	143.736210	-21.960000	165.809693	143.710550	-21.960000	Adherens	0.039266
5530	606	166.654542	145.155087	-22.599966	166.749358	145.203311	-22.490446	Ribbon Synapse	0.096460
5530	606	148.837936	145.068074	-21.595484	148.859783	144.942214	-21.559140	Ribbon Synapse	0.151552
5530	606	148.421406	145.164865	-22.230000	148.421927	145.136187	-22.230000	Adherens	0.061752
5530	606	154.557405	145.258791	-22.829368	154.775566	145.346626	-22.770000	Ribbon Synapse	0.056695
5530	606	155.852060	147.601075	-23.548288	155.957877	147.537648	-23.624140	Ribbon Synapse	0.090233
5530	606	150.954631	159.495616	-25.738847	151.096869	159.527408	-25.798567	Ribbon Synapse	0.089142
5530	606	158.486609	162.084367	-25.560000	158.472514	162.045708	-25.560000	Adherens	0.071239
5530	606	161.812268	160.647169	-24.930000	161.844261	160.541824	-24.948559	Ribbon Synapse	0.051104
5530	606	165.209114	142.868167	-21.608732	165.292073	142.929268	-21.517193	Ribbon Synapse	0.071131
5530	606	165.398557	143.409402	-21.780000	165.425675	143.384908	-21.780000	Adherens	0.088990
5530	606	166.497958	155.300512	-23.546581	166.453705	155.476161	-23.640811	Ribbon Synapse	0.114839
5530	606	149.232418	145.163202	-21.439620	149.249512	145.041653	-21.379747	Ribbon Synapse	0.118474
5530	606	169.353601	153.217729	-23.040000	169.162642	153.120526	-23.046389	Ribbon Synapse	0.138159
5531	5481	175.988186	147.643226	-23.522680	175.884053	147.448685	-23.530608	Ribbon Synapse	0.071216
5531	5451	163.437307	160.988383	-23.946458	163.331555	160.944136	-24.110544	Ribbon Synapse	0.117702
5531	7576	149.854617	162.912276	-24.480000	149.855701	162.888431	-24.480000	Gap Junction	0.047541
5531	7576	159.403369	166.420871	-26.190000	159.396475	166.449135	-26.190000	Gap Junction	0.070206
5531	5528	160.171215	159.682828	-26.280000	160.156050	159.699889	-26.280000	Gap Junction	0.064145
5531	5528	153.800737	163.166973	-25.799212	153.828735	163.071475	-25.796876	Gap Junction	0.203802
5531	5531	154.622891	146.246609	-20.610000	154.592808	146.286192	-20.610000	Gap Junction	0.030249
5531	606	160.566537	159.784504	-25.776136	160.573709	160.041397	-25.646559	Ribbon Synapse	0.082885
5531	606	154.229480	164.699689	-26.010000	154.225623	164.826557	-26.010000	Ribbon Synapse	0.140983
5531	606	154.195141	144.881893	-21.919398	154.252780	144.866563	-22.032089	Ribbon Synapse	0.062564
5531	606	182.497841	151.566965	-24.432614	182.389982	151.556646	-24.480000	Ribbon Synapse	0.099891
54245	5637	193.072363	169.766126	-24.955978	193.101269	169.800141	-24.953855	Conventional	0.266114
54245	606	194.445212	168.482565	-24.750000	194.436570	168.435182	-24.750000	Conventional	0.148050
54245	606	192.513860	169.975605	-24.660000	192.361945	170.090596	-24.508233	Conventional	0.080742
5534	9769	174.075595	180.767496	-24.974989	173.755993	180.841052	-24.972023	Ribbon Synapse	0.141273
5534	9769	166.301331	174.203178	-25.233442	166.084717	174.280445	-25.290000	Ribbon Synapse	0.132380
5534	9769	160.972138	169.406662	-26.129260	160.858225	169.431016	-26.010000	Ribbon Synapse	0.100970
5534	25155	184.044896	182.518947	-22.635958	184.085877	182.592666	-22.632727	Gap Junction	0.184359
5534	5606	215.468778	178.912329	-22.770000	215.387929	179.005807	-22.826082	Gap Junction	0.240028
5534	606	189.217126	172.530626	-24.703302	189.285964	172.518050	-24.859715	Ribbon Synapse	0.079154
5534	606	185.595189	181.817408	-23.626110	185.490387	181.819455	-23.850000	Ribbon Synapse	0.089398
5534	606	136.652823	181.668680	-23.533611	136.728685	181.582256	-23.490000	Ribbon Synapse	0.064975
5534	606	219.745114	168.230398	-22.093124	219.708191	168.090766	-22.092278	Ribbon Synapse	0.096979
5534	606	188.812278	173.086430	-25.560000	188.896382	173.052353	-25.560000	Ribbon Synapse	0.085458
5534	606	188.175207	174.674200	-26.010000	188.006551	174.593042	-26.010000	Ribbon Synapse	0.100354
5534	606	188.204763	174.381053	-25.513529	188.064112	174.394504	-25.470777	Ribbon Synapse	0.063473
5534	606	140.154472	183.133002	-23.613080	140.245994	183.095904	-23.510600	Ribbon Synapse	0.144096
35653	5528	143.123237	172.029906	-25.104433	143.016141	172.277415	-25.131195	Conventional	0.195782
35653	168	127.716256	152.765800	-24.242262	127.668898	152.335003	-24.235431	Conventional	0.267287
35653	606	118.794655	144.639663	-21.548980	118.808624	144.569318	-21.600000	Conventional	0.191640
35653	606	116.549171	144.508816	-21.766141	116.548326	144.538546	-21.779323	Conventional	0.133589
53104	606	65.460835	160.883478	-21.860679	65.502918	160.877895	-21.702933	Ribbon Synapse	0.122557
5541	606	145.969206	183.496301	-25.424946	145.902679	183.552667	-25.216134	Ribbon Synapse	0.115198
5541	606	145.124562	183.468060	-25.726777	145.016734	183.500205	-25.553727	Ribbon Synapse	0.091421
42406	606	22.590067	153.434901	-22.570854	22.589053	153.458440	-22.567026	Conventional	0.104342
35240	5729	181.435891	38.407610	-24.278883	181.316664	38.508289	-24.276914	Conventional	0.169076
35240	5729	188.295718	22.481112	-24.532329	188.117625	22.640438	-24.390000	Conventional	0.186973
35240	5729	188.295718	22.481112	-24.532329	187.824914	22.559004	-24.660000	Conventional	0.186973
35240	6117	160.978440	119.095859	-22.355139	161.184493	119.295692	-22.371620	Conventional	0.192725
35240	7594	165.662955	88.917283	-21.330000	165.497198	88.530146	-21.343423	Conventional	0.243860
35240	7594	149.149532	160.071955	-24.247401	148.921686	159.925019	-24.254223	Conventional	0.152887
35240	7594	161.529106	112.474910	-22.230000	161.330836	112.168140	-22.274153	Conventional	0.221910
35240	7594	150.332964	156.645673	-24.305974	150.370840	156.932375	-24.300061	Conventional	0.167602
35240	7594	147.820183	162.735991	-23.269562	147.606492	162.593722	-23.274907	Conventional	0.165296
35240	44222	148.149852	170.048068	-24.480000	148.310367	170.055114	-24.563736	Conventional	0.079017
35240	5650	175.584807	61.695644	-22.150008	175.763478	61.814011	-22.116981	Conventional	0.271290
35240	5650	168.789770	84.127407	-21.690000	169.109634	83.801508	-21.690000	Conventional	0.218603
35240	5650	163.666577	94.701808	-21.586939	164.049818	94.811972	-21.563169	Conventional	0.214778
35240	5650	169.771668	76.983398	-20.649296	169.964609	77.345321	-20.661958	Conventional	0.206144
35240	5534	146.000078	176.495413	-23.175988	145.843586	176.656857	-23.160579	Conventional	0.156725
35240	5534	142.234338	190.719188	-23.527993	141.996192	190.716945	-23.538135	Conventional	0.175403
35240	5530	149.983747	158.748090	-25.065984	150.175199	158.796144	-25.110000	Conventional	0.146248
35240	5530	148.962227	168.889825	-24.431778	149.166524	168.890927	-24.429881	Conventional	0.110062
35240	606	158.090419	133.889798	-22.893969	158.097035	133.994894	-22.950000	Conventional	0.178816
35240	606	158.558045	133.379983	-22.860000	158.592701	133.410850	-22.885480	Conventional	0.096882
35240	606	152.539589	144.965022	-21.411408	152.479475	144.938039	-21.388682	Conventional	0.136966
35240	606	157.688447	134.417213	-23.619810	157.667314	134.335510	-23.620762	Conventional	0.304779
35240	606	167.883123	84.873134	-21.625845	168.188891	85.137599	-21.571710	Conventional	0.226321
35240	606	148.134513	169.238608	-24.750000	147.990198	169.277745	-24.750000	Conventional	0.142311
7594	9769	214.451378	72.773889	-20.430000	214.382295	72.521941	-20.430000	Touch	0.169363
7594	606	220.004192	55.332408	-22.410000	219.998466	55.310809	-22.410000	Adherens	0.050877
7594	606	196.866082	130.967670	-25.110000	196.856840	130.936244	-25.110000	Adherens	0.100199
7594	606	156.586250	147.406996	-22.950000	156.565650	147.383121	-22.950000	Adherens	0.063732
7594	606	159.546010	86.538832	-19.850339	159.550854	86.510636	-19.852186	Adherens	0.058286
428	53115	74.668003	157.415645	-22.481690	74.666918	157.304021	-22.530840	Ribbon Synapse	0.071980
428	12564	76.974592	159.571209	-20.994475	77.139811	159.702400	-20.865719	Ribbon Synapse	0.078311
428	12564	79.530676	145.450681	-21.440903	79.644534	145.410905	-21.316808	Ribbon Synapse	0.083616
428	606	81.445810	138.350130	-20.648634	81.501927	138.390152	-20.471802	Ribbon Synapse	0.080440
428	606	83.986587	129.028501	-20.640324	83.957208	128.934843	-20.700000	Ribbon Synapse	0.049857
42416	606	133.321052	100.844122	-16.941237	133.337334	100.880313	-16.950513	Conventional	0.181499
30130	5650	164.711539	83.274300	-20.201582	164.369633	83.294367	-20.160000	Conventional	0.130186
30130	5650	153.204663	86.249667	-20.511675	153.237689	86.422427	-20.511928	Conventional	0.124343
30130	5292	152.823801	86.010932	-20.203131	152.724772	86.055857	-20.203787	Conventional	0.125342
30130	606	183.945668	79.192150	-23.940000	183.970628	79.148886	-23.940000	Adherens	0.079263
61598	4569	84.946418	141.297943	-21.455618	85.003099	141.446527	-21.414141	Conventional	0.129362
61598	372	71.439181	129.322369	-17.972477	71.564437	129.094253	-17.972477	Conventional	0.197680
61598	606	80.515716	136.897854	-21.420000	80.731132	136.938198	-21.420000	Conventional	0.093128
5561	9769	116.784086	54.771380	-19.690514	116.556029	55.094877	-19.743805	Ribbon Synapse	0.116215
5561	5565	135.019622	61.952253	-18.090000	135.009923	61.968419	-18.090000	Gap Junction	0.043591
5561	606	126.014403	63.700197	-17.268721	126.135550	63.686078	-17.466314	Ribbon Synapse	0.078267
5561	606	128.132498	68.239049	-18.352658	127.972984	68.277985	-18.422435	Ribbon Synapse	0.186737
5565	5561	118.389302	58.664106	-18.270000	118.312960	58.671896	-18.270000	Gap Junction	0.072090
5565	5499	121.664066	42.640889	-20.250000	121.485217	42.660518	-20.250000	Gap Junction	0.187624
5565	5499	124.383124	46.378960	-21.207436	124.334450	46.356121	-21.206460	Gap Junction	0.059754
5565	606	123.832445	35.270593	-22.322284	124.013540	35.261185	-22.251847	Ribbon Synapse	0.107819
22974	606	182.550843	79.336423	-22.950000	182.554664	79.350754	-22.950000	Adherens	0.043375
55232	606	203.710439	41.929699	-25.650000	203.734360	41.948427	-25.697488	Gap Junction	0.108576
5057	7594	52.290175	80.354533	-17.348695	52.274731	80.373873	-17.346497	Conventional	0.080584
5057	606	66.849844	87.098978	-17.816941	66.882339	87.097553	-17.816442	Conventional	0.156712
450	606	121.429123	196.449260	-27.450000	121.270042	196.452757	-27.450000	Ribbon Synapse	0.188621
53153	606	80.377583	153.762636	-22.291306	80.374537	153.840821	-22.341554	Ribbon Synapse	0.120062
53153	606	80.809652	153.960902	-21.973895	80.668626	154.064944	-22.050000	Ribbon Synapse	0.074235
461	606	85.579474	149.296867	-23.616118	85.644005	149.150328	-23.534083	Ribbon Synapse	0.071846
47267	606	184.289204	46.332032	-25.835417	184.441373	46.419603	-25.894966	Ribbon Synapse	0.077070
47267	606	182.549113	46.603938	-25.290613	182.394245	46.686001	-25.324303	Ribbon Synapse	0.122943
35288	606	163.133784	191.872636	-27.180000	163.102616	191.916272	-27.180000	Conventional	0.119907
4569	5481	89.075174	140.737130	-20.757451	89.187040	140.917999	-20.790000	Ribbon Synapse	0.108373
4569	428	96.249063	149.297892	-21.549139	96.270708	149.331291	-21.552671	Gap Junction	0.088049
4569	3116	97.767562	122.740365	-19.026285	97.734152	122.762906	-19.080000	Gap Junction	0.064673
4569	3116	100.286368	146.550449	-21.552298	100.274606	146.602024	-21.553408	Gap Junction	0.087594
4569	3116	102.676201	123.091791	-18.630000	102.652988	123.115146	-18.630000	Gap Junction	0.054381
4569	3116	91.692739	131.659583	-19.170000	91.629629	131.667118	-19.170000	Gap Junction	0.047106
4569	606	91.432937	142.028839	-22.642338	91.354433	141.894996	-22.613845	Ribbon Synapse	0.108694
4569	606	86.118500	141.236096	-21.465642	86.169982	141.144725	-21.540559	Ribbon Synapse	0.106513
39900	7594	183.631646	150.971871	-24.981190	183.572740	150.980987	-24.978344	Conventional	0.131650
39900	606	183.962474	151.466807	-25.241040	183.961206	151.502233	-25.238657	Conventional	0.147873
9693	606	80.416197	75.324084	-16.491130	79.994422	74.897709	-16.191141	Ribbon Synapse	0.138088
9693	606	80.062060	74.670905	-16.200000	79.994422	74.897709	-16.191141	Ribbon Synapse	0.151333
9693	606	64.495876	76.823186	-21.229228	64.387421	76.704459	-21.152532	Ribbon Synapse	0.088122
9693	606	80.058257	74.758299	-15.930000	79.994422	74.897709	-16.191141	Ribbon Synapse	0.112213
9693	606	64.431135	77.554358	-21.440135	64.272990	77.526341	-21.257613	Ribbon Synapse	0.095507
9693	606	79.954916	74.654849	-15.851180	79.994422	74.897709	-16.191141	Ribbon Synapse	0.105156
31710	9769	54.626447	201.674631	-22.410000	54.499312	201.803307	-22.410000	Ribbon Synapse	0.124838
31710	606	51.491635	199.160928	-22.118521	51.603571	199.008805	-22.191267	Ribbon Synapse	0.130888
31710	335	49.911319	198.626702	-22.230000	49.913341	198.602433	-22.230000	Gap Junction	0.086234
5600	606	209.965584	121.826301	-23.844089	209.994069	121.733934	-23.670000	Ribbon Synapse	0.077068
5601	6117	160.039945	135.227985	-22.898338	159.910433	135.151661	-22.890544	Gap Junction	0.123575
5601	9769	205.045549	138.267406	-22.503150	204.918403	138.090892	-22.647546	Ribbon Synapse	0.065376
5601	9769	219.044674	153.070291	-20.884155	218.989110	153.221199	-20.851571	Ribbon Synapse	0.131839
5601	9769	218.611269	152.601746	-21.600000	218.504833	152.724171	-21.546942	Ribbon Synapse	0.129230
5601	9769	205.921333	138.135342	-23.040000	205.953595	137.978421	-23.018351	Ribbon Synapse	0.119542
5601	9769	220.231478	154.473523	-20.586235	220.078884	154.505224	-20.610000	Ribbon Synapse	0.133789
5601	9769	177.992713	120.042149	-22.230000	178.002910	119.845513	-22.140000	Ribbon Synapse	0.187490
5601	9769	189.938406	112.752854	-23.253167	189.866217	112.443738	-23.212984	Ribbon Synapse	0.146499
5601	9769	204.882296	138.200584	-22.964903	204.918403	138.090892	-22.647546	Ribbon Synapse	0.065376
5601	9769	174.690384	118.177082	-21.990792	174.884433	117.891048	-21.988049	Ribbon Synapse	0.143700
5601	9769	221.046405	156.136058	-20.610000	220.926139	156.180277	-20.610000	Ribbon Synapse	0.095529
5601	9769	185.761792	124.717251	-20.610000	185.713834	124.845049	-20.610000	Ribbon Synapse	0.104353
5601	7594	190.485255	155.362524	-24.741050	190.542905	155.533465	-24.711082	Ribbon Synapse	0.104900
5601	7594	179.449618	150.144960	-24.520575	179.489714	150.091142	-24.660000	Ribbon Synapse	0.117678
5601	5534	220.633930	167.076220	-21.456356	220.617149	167.115778	-21.451464	Gap Junction	0.126527
5601	5530	177.721792	149.305574	-23.945001	177.572761	149.301357	-23.938662	Gap Junction	0.174545
5601	5468	219.059072	147.940954	-21.649496	219.093558	147.911475	-21.642684	Gap Junction	0.114075
5601	606	196.949419	146.360770	-22.884520	197.073153	146.065416	-22.827416	Ribbon Synapse	0.094470
5601	606	189.546689	154.388951	-24.610739	189.660916	154.323831	-24.434037	Ribbon Synapse	0.098828
5601	606	196.648414	146.880636	-22.680000	196.601166	146.886053	-22.680000	Adherens	0.072877
5601	606	190.485255	155.362524	-24.741050	190.514109	155.495155	-24.660000	Ribbon Synapse	0.100799
5601	606	189.784957	154.059420	-24.848907	189.718566	153.892378	-24.750000	Ribbon Synapse	0.092621
5601	606	210.603112	165.135344	-22.725027	210.652460	165.010857	-22.708712	Ribbon Synapse	0.121431
5601	606	205.045549	138.267406	-22.503150	204.855604	138.160296	-22.624297	Ribbon Synapse	0.080191
5601	606	190.100802	154.908371	-24.445442	190.171826	154.901764	-24.300000	Ribbon Synapse	0.111971
5601	606	179.449618	150.144960	-24.520575	179.508936	150.138245	-24.660000	Ribbon Synapse	0.117678
5601	606	201.789506	140.910670	-23.510504	201.841071	140.953872	-23.580000	Ribbon Synapse	0.061158
5601	606	197.064242	146.205893	-22.892150	197.073153	146.065416	-22.827416	Ribbon Synapse	0.094470
5601	606	204.623414	138.806789	-22.950000	204.578182	138.809616	-22.950000	Adherens	0.074206
5601	606	204.882296	138.200584	-22.964903	204.855604	138.160296	-22.624297	Ribbon Synapse	0.080191
5601	606	200.169878	141.757870	-23.519946	200.091758	141.778297	-23.490000	BC Conventional	0.090468
5601	606	197.180463	146.150231	-22.860000	197.073153	146.065416	-22.827416	Ribbon Synapse	0.083585
5601	606	200.420637	142.018905	-23.183744	200.391814	142.145917	-23.389772	Ribbon Synapse	0.064764
5601	5637	189.234179	155.753241	-25.290000	189.191077	155.812920	-25.290000	Gap Junction	0.119542
6117	5601	165.332000	120.428744	-21.510000	165.336188	120.406375	-21.510000	Gap Junction	0.098583
6117	9769	132.096551	105.578847	-15.915325	132.270518	105.571025	-15.834496	Ribbon Synapse	0.101984
6117	9769	146.082408	93.081744	-17.586866	145.981304	93.040226	-17.463292	Ribbon Synapse	0.085823
6117	9769	135.100088	98.112046	-17.094389	135.039172	98.235437	-17.010000	Ribbon Synapse	0.098417
6117	9769	141.026302	121.275524	-20.492872	140.982297	121.277033	-20.430000	Ribbon Synapse	0.134536
6117	9769	156.423588	102.236040	-20.012784	156.317774	102.478372	-19.890000	Ribbon Synapse	0.103376
6117	9769	126.949992	79.823723	-17.077520	127.010926	79.673002	-17.058087	Ribbon Synapse	0.060882
6117	7594	134.491669	87.269131	-16.973798	134.506177	87.103061	-17.006708	Ribbon Synapse	0.102065
6117	5292	147.708963	92.623380	-18.360000	147.722089	92.611674	-18.360000	Gap Junction	0.052566
6117	5650	151.050516	89.968797	-18.685380	151.086906	89.943047	-18.682382	Gap Junction	0.111076
6117	55517	132.923476	94.496549	-17.496990	133.031275	94.463241	-17.460000	Ribbon Synapse	0.148500
6117	55517	116.940157	109.541356	-15.582806	116.828413	109.465509	-15.660000	Ribbon Synapse	0.046153
6117	606	128.882333	79.891568	-17.606638	129.105673	79.786872	-17.676652	Ribbon Synapse	0.125583
6117	606	143.275045	127.376365	-21.469576	143.196626	127.449731	-21.357193	Ribbon Synapse	0.141616
6117	606	138.528489	118.390737	-20.096783	138.428551	118.480530	-20.113090	Ribbon Synapse	0.105719
6117	606	149.688933	91.108497	-18.751864	149.692308	91.200223	-18.657371	Ribbon Synapse	0.051749
6117	606	135.100088	98.112046	-17.094389	134.975023	98.195613	-17.032288	Ribbon Synapse	0.098417
6117	606	146.953489	92.476690	-17.743776	146.947334	92.386475	-17.657068	Ribbon Synapse	0.132802
6117	606	134.491669	87.269131	-16.973798	134.623869	87.203848	-17.049515	Ribbon Synapse	0.106713
6117	606	142.045233	124.640324	-21.230145	141.984854	124.687181	-21.187141	Ribbon Synapse	0.078535
6117	606	134.657079	100.862371	-17.001494	134.557970	100.825940	-16.928190	Ribbon Synapse	0.144347
6117	606	132.096551	105.578847	-15.915325	132.276725	105.558029	-15.962591	Ribbon Synapse	0.110117
6117	606	146.082408	93.081744	-17.586866	146.025521	92.921751	-17.454116	Ribbon Synapse	0.069327
6117	606	131.548658	106.255042	-17.129903	131.600217	106.344866	-17.271379	Ribbon Synapse	0.131597
6117	606	134.820004	100.081745	-17.640000	134.788063	100.064323	-17.640000	Adherens	0.072331
5606	5608	215.506847	176.665434	-23.621010	215.545036	176.701258	-23.624594	Gap Junction	0.072397
5606	10559	211.878204	173.990356	-22.275000	211.819726	173.940774	-22.320000	Ribbon Synapse	0.064539
5606	5534	211.856884	183.001951	-23.624160	211.909225	182.970683	-23.623257	Gap Junction	0.127585
5606	606	220.602173	189.577201	-21.960000	220.649186	189.769288	-21.960000	Ribbon Synapse	0.090551
5606	5607	215.755367	176.096884	-23.162759	215.784774	176.178274	-23.174549	Gap Junction	0.172988
5606	5607	219.963706	188.936131	-21.759956	219.943560	188.882702	-21.761273	Adherens	0.132655
5606	5607	220.292858	188.602679	-22.140000	220.277460	188.537505	-22.140000	Gap Junction	0.110180
5606	5607	215.093293	185.230459	-23.310000	215.118492	185.218601	-23.310000	Gap Junction	0.145333
5607	9769	230.753792	168.603655	-20.744254	230.787994	168.562537	-20.830159	Ribbon Synapse	0.106362
5607	606	233.137916	173.528854	-21.673179	233.065846	173.469208	-21.862200	Ribbon Synapse	0.123415
6120	9769	208.092354	73.325521	-21.659973	207.953080	73.104952	-21.618869	Ribbon Synapse	0.209084
6120	9769	204.397248	72.348983	-21.957374	204.202027	72.393140	-22.041215	Ribbon Synapse	0.117004
6120	606	198.731820	71.304453	-22.050000	198.771856	71.293917	-22.050000	Adherens	0.083916
6120	606	192.873349	73.026564	-22.396885	192.862536	73.052106	-22.601250	Ribbon Synapse	0.142245
6120	606	198.539704	70.720920	-22.097875	198.623846	70.704257	-22.224551	Ribbon Synapse	0.136566
6120	606	191.299059	74.060109	-22.500000	191.302797	74.073465	-22.538636	Ribbon Synapse	0.056361
6120	606	193.179051	73.261772	-22.770000	193.159128	73.247282	-22.770000	Adherens	0.068181
6120	606	204.397248	72.348983	-21.957374	204.250085	72.333222	-21.996784	Ribbon Synapse	0.121841
6120	606	190.447984	75.202667	-22.716892	190.312420	75.235176	-22.839077	Ribbon Synapse	0.063418
47593	606	86.798153	71.948209	-16.740000	86.551699	71.976034	-16.740000	Conventional	0.162978
6123	606	200.647231	43.668917	-26.638596	200.536410	43.564133	-26.526672	Ribbon Synapse	0.150169
39917	606	123.459387	40.589563	-19.890000	123.474180	40.598311	-19.873728	Conventional	0.175272
46589	46388	89.710933	22.083302	-22.410000	89.568069	22.056929	-22.590232	Postsynapse	0.088434
46589	606	93.976409	27.903850	-23.266521	93.987876	27.916402	-23.267191	Gap Junction	0.103929
39922	606	123.437880	35.765488	-21.597876	123.457721	35.775502	-21.679067	Conventional	0.078526
39931	606	105.644628	163.037843	-25.740000	105.562942	162.941996	-25.803696	Conventional	0.062401
39931	606	105.257490	163.150958	-25.460968	105.242810	163.175230	-25.482695	Conventional	0.155616
6141	606	223.484431	96.244763	-19.757235	223.446877	96.193302	-19.739114	Ribbon Synapse	0.115939
51711	606	175.765308	16.390788	-26.740880	175.713309	16.494262	-26.725056	Ribbon Synapse	0.138298
